4 0.955102
3
3
4 0.825697
1 3
7
1 1
2 3 0.279885
2 1 1.0
2 1 0.21213
5
 
3
6
2 2 0.992214
1 1
2 2 0.809451
2 3 0.949177
5
4 0.53319
2 1 0.362074
3
2 3 0.713067
4 0.528052
 
7
2 3 0.650806
1 2
 
6
 
5
6
5
5
1 2
3
3
6
4 0.533023
 
6
2 2 0.763246
2 1 0.050586
6
6
 
2 2 0.711673
4 0.735779
6
5
4 0.618365
2 2 0.070742
1 3
 
 
5
6
7
2 3 0.367842
4 0.438237
3
4 0.366481
2 1 0.309397
 
6
7
4 0.674959
3
6
6
7
2 1 0.13527
2 2 0.813186
4 0.370086
4 0.90771
4 0.38104
2 1 0.578107
2 3 0.831675
7
 
7
6
4 0.183822
2 3 0.002155
