1 1
2 2 1.0
5
4 0.915634
5
7
3
2 1 1.0
 
4 0.954988
 
 
1 2
3
4 0.161342
1 1
1 2
3
 
1 3
6
7
2 3 1.0
7
1 3
2 1 1.0
6
 
6
5
1 3
6
5
4 0.533773
7
2 2 0.788257
4 0.418436
5
5
4 0.619112
7
1 1
2 3 0.018526
 
 
 
5
3
2 3 0.111388
 
 
4 0.053156
2 1 0.316844
4 0.531273
2 2 0.658741
 
3
3
6
7
 
7
7
7
2 3 0.811457
3
6
1 2
 
6
6
5
5
1 1
4 0.072143
6
5
2 1 0.602438
4 0.55636
7
4 0.458245
5
1 1
2 1 0.487065
6
5
6
6
5
1 1
6
4 0.647115
7
7
1 2
 
3
1 2
3
3
7
4 0.252959
2 1 0.418485
1 1
6
4 0.678639
5
4 0.219236
7
7
4 0.077989
5
1 2
 
3
3
7
7
5
6
3
5
1 3
4 0.078139
5
3
