 1 2
 1 3
 5
 4 0.22
 1 3
 4 0.32
 2 1 0.65
 5
 2 1 0.98
 3
 3
 1 2
 7
 1 2
 2 1 0.63
 2 1 0.46
 1 2
 2 2 0.19
 7
 4 0.85
 2 2 0.93
 4 0.98
 2 1 0.19
 1 1
 3
 5
 1 1
 1 1
 6
 1 1
 3
 6
 1 1
 2 2 0.20
 3
 3
 3
 3
 2 1 0.46
 5
 2 1 0.96
 4 0.77
 2 2 0.49
 5
 3
 7
 1 2
 3
 3
 1 3
 5
 2 1 0.12
 3
 1 2
 5
 3
 5
 1 3
 7
 2 2 0.69
 7
 6
 7
 4 0.03
 2 1 0.85
 5
 7
 7
 3
 1 2
 2 2 0.31
 3
 4 0.61
 2 2 0.87
 4 0.65
 1 3
 2 2 0.15
 1 1
 1 1
 2 2 0.86
 1 3
 5
 6
 3
 2 1 0.91
 5
 5
 4 0.56
 3
 3
 3
 1 2
 1 1
 3
 2 1 0.40
 4 0.53
 5
 2 1 0.89
 1 1
 2 2 0.24
