 2 2 0.77
 4 0.11
 6
 4 0.18
 3
 4 0.15
 3
 1 2
 3
 3
 4 0.23
 4 0.64
 3
 2 1 0.98
 4 0.80
 3
 3
 4 0.23
 4 0.78
 2 1 0.27
 5
 3
 1 1
 2 1 0.25
 7
 3
 4 0.89
 7
 1 3
 5
 3
 5
 2 1 0.74
 5
 3
 2 1 0.12
 3
 2 1 0.79
 4 0.25
 4 0.76
 4 0.13
 3
 2 1 0.68
 5
 5
 5
 1 3
 3
 3
 1 2
 3
 2 2 0.58
 2 2 0.38
 1 2
 5
 1 2
 1 2
 2 1 0.47
 1 3
 4 0.36
 7
 3
 1 2
 7
 7
 4 0.32
 1 2
 6
 3
 4 0.79
 7
 4 0.29
 1 3
 6
 2 1 0.67
 4 0.16
 4 0.29
 4 0.72
 5
 7
 4 0.79
 2 1 0.52
 7
 7
 3
 4 0.25
 3
 4 0.88
 4 0.63
 1 1
 5
