 5
 5
 7
 2 1 0.96
 2 2 0.08
 7
 5
 6
 2 2 0.55
 4 0.33
 1 2
 7
 4 0.93
 4 0.55
 6
 6
 5
 6
 4 0.10
 5
 2 2 0.06
 7
 2 1 0.29
 6
 5
 1 1
 7
 1 2
 1 2
 7
 1 3
 4 0.95
 2 1 0.85
 1 1
 6
 2 1 0.80
 7
 2 2 0.04
 7
 5
 5
 4 0.75
 1 1
 3
 4 0.56
 2 1 0.89
 2 2 0.94
 3
 5
 1 3
 6
 2 1 0.87
 1 1
 4 0.94
 7
 5
 4 0.36
 3
 5
 2 1 0.72
 4 0.36
 5
 1 3
 5
 1 1
 4 0.32
 1 1
 7
 4 0.98
 2 2 0.26
 7
 5
 3
 4 0.55
 3
 2 2 0.10
 5
 4 0.20
 7
 6
 2 2 0.75
 1 3
 5
 1 3
 1 3
 1 1
 1 2
 4 0.55
 4 0.44
 3
 7
 6
 4 0.23
 7
 1 2
 1 3
 1 3
 5
 1 2
 1 1
 7
 1 3
 4 0.24
 3
 3
 1 1
 3
 3
 1 1
 4 0.37
