 7
 5
 3
 2 2 0.42
 5
 6
 2 1 0.78
 5
 7
 3
 1 2
 5
 4 0.23
 3
 5
 5
 2 2 0.12
 5
 4 0.87
 4 0.24
 2 1 0.88
 7
 7
 4 0.00
 4 0.68
 1 3
 7
 4 0.70
 5
 4 0.28
 3
 4 0.11
 1 2
 7
 4 0.25
 1 2
 4 0.06
 4 0.17
 7
 7
 3
 2 2 0.75
 5
 5
 4 0.37
 4 0.39
 4 0.89
 6
 4 0.47
 4 0.40
 4 0.27
 3
 3
 4 0.12
 1 2
 5
 5
 5
 4 0.48
 1 3
 1 2
 4 0.71
 2 2 0.56
 2 2 0.29
 3
 1 1
 5
 2 1 0.96
 4 0.07
 7
 7
 1 2
 7
 7
 1 1
 2 1 0.43
 5
 7
 1 2
 5
 4 0.70
 4 0.16
 3
 1 2
 6
 4 0.15
 4 0.59
 1 2
 5
 1 3
 7
 2 1 0.78
 7
 5
 6
 7
