5
1 1
6
6
5
2 2 0.919774
5
3
2 1 0.681746
4 0.351507
4 0.43958
4 0.320503
1 2
4 0.492086
3
5
 
7
6
6
4 0.38322
 
7
7
4 0.933545
6
3
7
5
1 3
2 2 0.339164
 
5
4 0.760805
4 0.604257
3
 
5
2 3 0.172379
2 1 0.514462
3
3
7
2 3 0.550188
1 1
6
3
7
3
7
1 3
5
4 0.932578
7
3
6
2 3 0.293558
5
5
 
5
2 1 0.161176
2 2 0.212219
4 0.780962
2 3 0.634637
7
4 0.207245
 
 
2 2 0.984658
4 0.644243
7
1 1
4 0.2091
1 1
7
6
5
2 2 0.997112
4 0.714594
1 1
3
6
5
6
4 0.872579
1 2
 
4 0.635786
3
7
6
6
4 0.890729
7
3
2 1 0.419882
7
