3  
1  3 
1  2 
7  
1  2 
3  
5  
2  1 0.681988 
6  
2  1 0.542995 
3  
1  1 
6  
3  
2  2 0.632933 
5  
2  2 0.180121 
7  
6  
2  2 0.737591 
6  
4  0.375574 
6  
4  0.261828 
2  1 0.645388 
5  
6  
6  
5  
2  1 0.737775 
4  0.723729 
3  
5  
7  
2  2 0.725779 
5  
7  
4  0.086327 
7  
6  
5  
1  3 
5  
7  
1  3 
6  
2  1 0.401279 
3  
2  2 0.765806 
7  
4  0.041741 
5  
4  0.735786 
6  
7  
4  0.628619 
3  
1  2 
4  0.646980 
3  
3  
6  
5  
1  3 
5  
3  
4  0.189944 
5  
4  0.236061 
6  
2  1 0.843105 
4  0.720393 
6  
4  0.218710 
2  2 0.561264 
3  
5  
3  
1  1 
5  
5  
6  
7  
5  
4  0.189026 
