4  0.649550 
5  
1  1 
7  
7  
3  
1  3 
2  2 0.462635 
6  
7  
3  
2  1 0.248669 
6  
5  
4  0.454006 
2  1 0.820766 
2  2 0.170084 
4  0.233246 
6  
4  0.632872 
6  
6  
3  
3  
6  
3  
4  0.926770 
1  3 
3  
5  
4  0.091897 
1  3 
4  0.776547 
6  
4  0.283891 
4  0.301916 
5  
4  0.676204 
3  
1  3 
6  
6  
7  
1  1 
2  2 0.548534 
7  
3  
2  1 0.383163 
6  
3  
5  
7  
3  
1  2 
2  2 0.220607 
3  
1  1 
7  
4  0.476529 
2  1 0.788237 
5  
2  1 0.008385 
4  0.358957 
3  
6  
7  
3  
2  1 0.199920 
1  2 
4  0.964778 
4  0.820705 
2  1 0.447855 
1  3 
1  3 
5  
3  
1  3 
1  3 
5  
6  
3  
4  0.970439 
3  
2  1 0.926709 
2  2 0.144991 
3  
6  
1  2 
7  
2  1 0.103831 
6  
1  2 
1  2 
1  2 
6  
