7  
3  
6  
5  
3  
4  0.681131 
7  
5  
1  3 
5  
1  1 
5  
3  
6  
2  2 0.131220 
5  
3  
2  2 0.129659 
4  0.402381 
4  0.461320 
3  
3  
6  
4  0.078554 
3  
4  0.901708 
4  0.427750 
2  2 0.351337 
5  
3  
3  
7  
1  2 
6  
7  
3  
2  1 0.800875 
5  
4  0.996450 
6  
4  0.763694 
7  
5  
4  0.740376 
2  2 0.147439 
2  2 0.931881 
6  
2  1 0.776088 
2  1 0.339433 
2  2 0.270151 
2  2 0.555328 
2  1 0.696279 
5  
2  1 0.603311 
4  0.410888 
2  2 0.303935 
4  0.100557 
4  0.678010 
1  2 
4  0.489565 
3  
4  0.252066 
5  
1  3 
6  
1  3 
7  
1  2 
7  
7  
5  
5  
4  0.250199 
7  
1  3 
4  0.795183 
1  1 
7  
2  1 0.177214 
1  3 
7  
7  
5  
6  
2  2 0.127792 
3  
4  0.471020 
1  1 
5  
3  
6  
5  
2  1 0.726452 
1  2 
7  
5  
6  
6  
4  0.850236 
