1  1 
7  
3  
2  1 0.777251 
1  3 
1  3 
7  
3  
2  1 0.147377 
2  1 0.193433 
4  0.267825 
2  1 0.988769 
6  
4  0.767887 
1  2 
1  1 
1  2 
2  2 0.567874 
1  2 
1  2 
5  
4  0.257635 
2  1 0.809444 
1  3 
7  
5  
5  
2  1 0.763358 
4  0.246741 
5  
3  
4  0.762256 
2  2 0.230981 
3  
6  
7  
4  0.257268 
3  
5  
4  0.312014 
2  1 0.801089 
6  
1  2 
7  
2  2 0.244293 
3  
2  1 0.754575 
3  
3  
2  1 0.603250 
3  
7  
6  
4  0.056521 
7  
6  
5  
4  0.462972 
7  
5  
7  
7  
7  
5  
7  
5  
6  
7  
6  
5  
1  2 
4  0.711212 
3  
6  
2  2 0.534090 
5  
5  
6  
3  
7  
4  0.352439 
3  
7  
2  2 0.212253 
1  2 
4  0.631709 
1  2 
1  3 
5  
5  
7  
1  3 
7  
2  1 0.600129 
1  2 
4  0.811310 
4  0.003733 
