3  
4  0.824714 
1  1 
3  
3  
7  
7  
2  2 0.197656 
7  
6  
1  2 
5  
6  
6  
4  0.744323 
6  
7  
4  0.336587 
2  1 0.501010 
5  
1  2 
1  2 
3  
7  
3  
2  1 0.890018 
5  
6  
6  
5  
6  
3  
7  
3  
3  
7  
1  1 
1  2 
6  
6  
5  
5  
4  0.379736 
2  2 0.929586 
5  
4  0.640064 
5  
2  2 0.998164 
2  1 0.615735 
6  
5  
2  1 0.123110 
5  
7  
6  
2  1 0.027113 
1  3 
2  2 0.862905 
2  1 0.070506 
1  1 
1  2 
1  3 
7  
1  3 
3  
2  1 0.662923 
5  
5  
3  
5  
1  2 
6  
1  3 
7  
6  
3  
1  1 
1  3 
5  
1  2 
6  
4  0.935492 
2  1 0.423710 
6  
2  2 0.906971 
1  3 
2  2 0.060316 
5  
5  
7  
6  
4  0.851796 
5  
3  
5  
4  0.892037 
