2  1 0.852745 
4  0.612583 
4  0.264490 
6  
4  0.600098 
6  
4  0.899963 
2  1 0.289920 
7  
2  2 0.070690 
7  
6  
3  
4  0.324102 
2  2 0.760420 
6  
3  
3  
3  
6  
4  0.669717 
6  
6  
1  1 
6  
4  0.573842 
4  0.705551 
3  
2  2 0.115460 
3  
3  
5  
7  
4  0.408562 
1  1 
3  
5  
1  2 
7  
4  0.554257 
2  2 0.459086 
1  2 
2  1 0.876767 
6  
4  0.237775 
1  2 
1  2 
7  
6  
4  0.358620 
1  2 
6  
7  
2  1 0.707387 
6  
3  
6  
2  2 0.572128 
7  
1  2 
2  1 0.763817 
5  
6  
7  
2  2 0.230859 
6  
6  
2  2 0.946723 
7  
5  
3  
4  0.069466 
4  0.230002 
2  2 0.043607 
