5  
3  
3  
6  
5  
3  
7  
2  2 0.658180 
6  
2  2 0.113777 
6  
7  
1  2 
6  
3  
7  
2  1 0.619408 
4  0.461962 
7  
3  
7  
4  0.406665 
2  2 0.338821 
5  
4  0.577086 
6  
4  0.229084 
1  1 
2  1 0.852592 
2  2 0.648173 
7  
5  
2  2 0.918263 
7  
6  
3  
5  
3  
3  
6  
5  
2  1 0.943601 
6  
4  0.033233 
4  0.956148 
1  2 
6  
7  
6  
1  3 
5  
6  
5  
2  1 0.543730 
6  
2  1 0.751698 
5  
1  1 
2  2 0.492380 
7  
7  
7  
1  3 
4  0.331263 
7  
2  2 0.187557 
2  2 0.662403 
6  
7  
3  
1  3 
1  1 
4  0.544005 
1  1 
2  1 0.700257 
