2  2 0.437205 
4  0.892466 
2  1 0.326611 
4  0.195636 
4  0.391578 
3  
6  
1  1 
5  
5  
7  
5  
2  2 0.735877 
6  
6  
7  
6  
2  2 0.542291 
5  
1  2 
5  
1  2 
7  
1  3 
3  
2  2 0.117724 
1  2 
2  1 0.773976 
7  
3  
1  2 
7  
6  
6  
1  3 
6  
1  3 
3  
3  
6  
2  2 0.306230 
4  0.772048 
3  
6  
7  
1  3 
6  
2  2 0.172501 
2  2 0.136483 
3  
3  
1  3 
4  0.769264 
5  
5  
6  
2  2 0.120570 
5  
6  
2  1 0.669717 
7  
2  2 0.860916 
4  0.052329 
6  
1  1 
2  1 0.310147 
7  
2  1 0.145603 
7  
7  
3  
4  0.389406 
6  
6  
3  
2  2 0.960279 
2  2 0.355928 
