3  
4  0.682539 
6  
1  3 
1  1 
2  2 0.436073 
4  0.785452 
1  3 
4  0.980690 
5  
2  2 0.833741 
1  1 
1  1 
5  
1  2 
1  2 
1  2 
6  
7  
7  
7  
3  
2  1 0.277404 
7  
6  
5  
6  
1  2 
6  
6  
1  2 
5  
6  
4  0.861191 
4  0.859661 
1  3 
7  
2  2 0.437511 
2  1 0.474662 
6  
5  
2  1 0.276547 
3  
4  0.634372 
7  
5  
2  2 0.918661 
7  
3  
4  0.616041 
1  2 
2  1 0.606279 
7  
6  
3  
7  
3  
3  
7  
1  1 
2  1 0.678591 
3  
5  
5  
4  0.201848 
7  
4  0.264429 
3  
4  0.659098 
4  0.253014 
7  
6  
5  
1  3 
4  0.636147 
7  
1  1 
3  
2  1 0.938460 
6  
4  0.612308 
3  
1  2 
6  
6  
2  1 0.455566 
3  
7  
2  2 0.018208 
5  
3  
3  
4  0.132505 
5  
4  0.174093 
4  0.047494 
