1  1 
3  
1  1 
6  
2  2 0.047647 
1  3 
4  0.428147 
2  2 0.314524 
6  
1  3 
2  1 0.589540 
4  0.394027 
5  
7  
2  1 0.265959 
6  
2  2 0.107810 
4  0.763878 
2  1 0.662342 
6  
4  0.269937 
3  
7  
2  1 0.551931 
7  
1  2 
5  
7  
6  
3  
7  
1  2 
6  
6  
2  1 0.140064 
2  2 0.467440 
6  
6  
1  3 
4  0.677581 
1  2 
2  1 0.783555 
6  
5  
1  3 
4  0.820368 
6  
6  
4  0.751025 
7  
3  
3  
3  
6  
6  
2  1 0.173328 
5  
4  0.087521 
3  
1  2 
7  
1  2 
5  
3  
6  
6  
6  
1  2 
5  
6  
5  
2  1 0.300661 
5  
5  
3  
4  0.537273 
1  3 
6  
7  
1  1 
3  
4  0.471785 
5  
5  
4  0.357488 
7  
4  0.307149 
3  
1  3 
4  0.214089 
7  
2  1 0.621274 
5  
6  
