4  0.102974 
3  
1  2 
5  
7  
6  
4  0.493390 
2  1 0.915937 
7  
4  0.003580 
6  
3  
2  1 0.442469 
2  2 0.226697 
5  
1  1 
3  
6  
4  0.830161 
3  
7  
2  2 0.542720 
6  
7  
1  1 
6  
4  0.991585 
6  
5  
1  3 
3  
6  
2  2 0.441245 
4  0.870861 
7  
7  
7  
6  
5  
3  
1  1 
6  
5  
2  1 0.052176 
5  
1  1 
3  
2  1 0.401524 
3  
5  
4  0.529010 
5  
3  
4  0.134464 
6  
2  1 0.707510 
4  0.812167 
6  
2  1 0.514872 
2  1 0.462054 
6  
4  0.981670 
4  0.745853 
1  2 
3  
5  
4  0.743681 
5  
5  
3  
3  
6  
6  
1  2 
4  0.305221 
5  
4  0.826244 
2  2 0.846716 
1  2 
