3  
3  
4  0.337444 
7  
3  
3  
4  0.518300 
7  
2  2 0.232756 
1  2 
5  
5  
3  
3  
7  
5  
1  3 
3  
4  0.600404 
2  1 0.292766 
7  
6  
1  2 
5  
2  2 0.825448 
3  
7  
5  
5  
7  
1  3 
2  1 0.267887 
6  
6  
4  0.172532 
4  0.664025 
6  
4  0.316880 
6  
7  
2  2 0.219352 
7  
5  
6  
1  3 
4  0.083053 
4  0.822174 
2  1 0.984393 
7  
4  0.767642 
6  
4  0.193953 
3  
4  0.637401 
1  1 
1  3 
7  
4  0.290471 
4  0.453088 
2  1 0.068517 
6  
4  0.979466 
3  
1  1 
7  
6  
4  0.890844 
7  
1  1 
5  
6  
1  1 
3  
6  
5  
5  
4  0.301487 
1  1 
1  2 
1  1 
3  
7  
2  2 0.291052 
2  1 0.111390 
5  
4  0.859049 
1  1 
4  0.542077 
2  2 0.611145 
5  
1  3 
5  
1  2 
2  2 0.953333 
