5  
1  2 
1  3 
5  
5  
3  
4  0.737163 
5  
3  
4  0.977079 
6  
2  2 0.089143 
4  0.263296 
3  
5  
1  3 
5  
7  
5  
5  
2  2 0.965298 
7  
4  0.151478 
4  0.615644 
7  
6  
4  0.347573 
6  
3  
3  
2  2 0.715650 
4  0.974080 
5  
3  
6  
5  
7  
6  
4  0.609523 
3  
3  
3  
4  0.971357 
1  2 
2  2 0.363976 
7  
1  2 
2  1 0.528368 
1  1 
7  
7  
5  
7  
6  
7  
1  1 
7  
2  2 0.833374 
2  1 0.183059 
4  0.102760 
5  
2  2 0.227799 
1  1 
6  
3  
4  0.091621 
3  
6  
1  3 
5  
6  
6  
5  
3  
2  2 0.817859 
7  
6  
3  
2  1 0.316941 
4  0.099823 
1  3 
1  3 
5  
5  
5  
6  
5  
5  
6  
7  
