4  0.509670 
1  2 
6  
7  
1  2 
4  0.506702 
2  2 0.305129 
6  
3  
6  
2  2 0.096885 
7  
6  
3  
2  2 0.091285 
7  
3  
5  
4  0.935951 
4  0.721127 
4  0.211763 
6  
7  
5  
2  1 0.821746 
3  
7  
5  
2  2 0.214487 
1  3 
1  3 
5  
4  0.188537 
7  
6  
6  
3  
4  0.642971 
2  1 0.017290 
1  2 
5  
7  
4  0.913061 
1  1 
6  
4  0.780984 
6  
5  
1  1 
5  
4  0.593886 
2  1 0.906604 
3  
5  
3  
5  
2  2 0.897087 
3  
2  1 0.015546 
4  0.232664 
2  2 0.418936 
4  0.543730 
7  
3  
7  
7  
7  
1  2 
