4  0.276455 
7  
4  0.240192 
7  
7  
6  
7  
4  0.607687 
6  
3  
5  
1  3 
2  2 0.566559 
6  
6  
5  
3  
5  
2  2 0.985403 
4  0.426617 
2  2 0.175898 
6  
5  
6  
4  0.455872 
7  
4  0.859018 
7  
1  3 
2  1 0.852011 
4  0.898678 
7  
5  
5  
6  
4  0.773364 
4  0.650346 
6  
4  0.812228 
5  
4  0.205949 
3  
7  
3  
3  
2  2 0.417070 
7  
7  
1  2 
6  
6  
7  
4  0.036753 
7  
3  
6  
1  2 
3  
2  2 0.286064 
1  2 
1  2 
2  2 0.186578 
6  
4  0.265286 
7  
3  
4  0.666106 
3  
2  1 0.103280 
2  1 0.720056 
