3  
3  
1  1 
3  
2  2 0.069864 
1  2 
1  1 
1  3 
7  
2  1 0.291756 
3  
1  2 
1  1 
3  
3  
2  1 0.823520 
2  2 0.821837 
4  0.352286 
5  
1  1 
4  0.876645 
5  
6  
6  
5  
2  1 0.270671 
6  
2  1 0.586235 
5  
3  
6  
1  3 
7  
3  
1  1 
3  
4  0.448865 
1  3 
5  
3  
4  0.810515 
4  0.941704 
3  
2  2 0.519248 
3  
7  
5  
7  
3  
5  
7  
1  2 
2  2 0.105331 
5  
5  
7  
6  
5  
6  
6  
3  
4  0.805649 
4  0.382092 
5  
1  2 
1  1 
1  1 
3  
1  1 
1  3 
1  1 
4  0.305435 
1  1 
7  
1  1 
3  
6  
1  3 
