4  0.711059 
1  2 
7  
5  
3  
1  2 
4  0.767060 
5  
4  0.268315 
4  0.358865 
1  1 
4  0.550401 
2  2 0.204511 
6  
5  
7  
7  
7  
2  1 0.400790 
6  
5  
1  3 
7  
6  
1  2 
6  
1  2 
3  
2  2 0.667544 
5  
3  
5  
7  
7  
6  
2  2 0.252463 
1  3 
1  1 
1  1 
5  
3  
4  0.104474 
4  0.223790 
5  
4  0.573168 
3  
7  
7  
6  
2  2 0.722260 
3  
5  
5  
6  
6  
5  
1  2 
5  
5  
2  2 0.530112 
1  3 
2  2 0.943265 
7  
6  
7  
4  0.709682 
2  2 0.368750 
6  
3  
3  
4  0.240039 
4  0.765133 
6  
3  
7  
7  
7  
1  1 
3  
7  
1  3 
1  2 
4  0.932187 
