2  1 0.714854 
2  1 0.462850 
4  0.175409 
1  2 
2  1 0.106769 
4  0.585440 
5  
6  
6  
6  
6  
5  
3  
7  
1  1 
1  1 
5  
5  
1  3 
1  1 
3  
1  1 
2  1 0.189393 
2  2 0.747812 
5  
4  0.081064 
4  0.491432 
1  2 
2  1 0.541373 
4  0.603127 
1  3 
4  0.897087 
7  
5  
1  2 
2  2 0.264582 
3  
4  0.793347 
4  0.525399 
4  0.980140 
6  
1  2 
6  
1  2 
5  
3  
3  
6  
2  2 0.769356 
4  0.746435 
6  
7  
3  
3  
2  2 0.935798 
5  
7  
5  
3  
1  1 
1  3 
3  
1  3 
3  
4  0.807730 
4  0.400698 
6  
2  2 0.087459 
4  0.203929 
6  
4  0.440143 
6  
5  
7  
2  1 0.632413 
5  
1  2 
6  
5  
4  0.072862 
1  3 
2  1 0.742181 
2  2 0.353235 
4  0.057286 
7  
7  
3  
6  
