7  
3  
2  2 0.460034 
3  
3  
4  0.377991 
7  
3  
1  2 
5  
4  0.471847 
2  1 0.367679 
3  
7  
5  
4  0.807883 
7  
6  
6  
3  
7  
6  
4  0.004101 
2  2 0.700012 
7  
4  0.458902 
2  2 0.988708 
1  3 
5  
7  
2  1 0.749709 
4  0.153528 
5  
6  
5  
5  
5  
4  0.210539 
7  
5  
7  
6  
7  
1  2 
7  
1  2 
7  
6  
2  2 0.006059 
1  1 
3  
5  
5  
1  2 
4  0.532071 
7  
4  0.098629 
3  
7  
1  1 
6  
4  0.862201 
5  
7  
3  
1  1 
3  
7  
7  
5  
6  
4  0.651417 
3  
7  
4  0.027235 
3  
6  
3  
7  
