1  2 
1  3 
7  
5  
7  
6  
2  1 0.916029 
2  1 0.897974 
7  
3  
5  
5  
3  
2  2 0.250015 
6  
2  1 0.187098 
6  
6  
1  3 
2  2 0.637279 
3  
2  1 0.942377 
7  
1  2 
6  
7  
1  2 
5  
3  
1  2 
1  3 
1  1 
2  1 0.447243 
1  2 
7  
5  
6  
1  2 
1  3 
6  
1  3 
7  
2  1 0.909633 
5  
2  2 0.618979 
4  0.825846 
1  1 
1  1 
1  3 
2  1 0.329304 
7  
6  
1  1 
1  3 
5  
3  
6  
3  
2  1 0.493237 
6  
6  
3  
1  3 
6  
4  0.607779 
3  
3  
4  0.384448 
1  1 
2  2 0.408042 
3  
6  
4  0.392374 
5  
1  2 
2  1 0.837414 
6  
6  
2  1 0.283279 
7  
5  
2  1 0.409542 
3  
6  
6  
5  
4  0.309291 
3  
4  0.580237 
6  
1  2 
