6  
7  
3  
7  
1  3 
6  
6  
6  
4  0.689026 
5  
4  0.344789 
4  0.181162 
1  3 
1  1 
1  3 
3  
5  
7  
3  
5  
2  2 0.307485 
1  2 
6  
2  1 0.557623 
6  
2  1 0.004804 
3  
2  1 0.496389 
5  
5  
6  
2  1 0.854489 
5  
5  
1  3 
1  2 
6  
4  0.523043 
7  
7  
7  
2  2 0.853602 
7  
5  
6  
6  
5  
1  3 
2  1 0.248455 
1  2 
4  0.087551 
1  1 
1  1 
1  3 
5  
3  
7  
7  
4  0.417620 
6  
6  
1  2 
2  1 0.208642 
6  
7  
4  0.533356 
6  
2  2 0.591468 
2  1 0.395801 
7  
6  
7  
2  2 0.076290 
7  
7  
7  
6  
4  0.878848 
6  
4  0.973193 
3  
7  
4  0.407032 
2  2 0.102118 
3  
1  2 
6  
