3  
1  1 
6  
2  1 0.891731 
2  2 0.918263 
5  
7  
1  3 
2  2 0.420252 
1  3 
6  
6  
2  1 0.115062 
3  
7  
4  0.296254 
3  
7  
2  2 0.292460 
2  1 0.664025 
7  
6  
6  
3  
6  
3  
7  
7  
5  
3  
6  
5  
3  
1  3 
6  
2  1 0.733184 
2  1 0.587704 
7  
3  
6  
2  1 0.262164 
2  1 0.452231 
7  
6  
7  
2  1 0.512761 
4  0.751301 
7  
7  
7  
2  1 0.140859 
7  
2  2 0.024879 
7  
3  
4  0.336985 
1  2 
1  3 
1  1 
6  
4  0.825969 
7  
6  
7  
2  2 0.699400 
4  0.930963 
7  
6  
1  2 
2  2 0.595140 
7  
6  
3  
3  
3  
7  
3  
7  
6  
3  
1  3 
4  0.173695 
1  2 
4  0.329488 
6  
