2  2 0.039721 
7  
4  0.665249 
7  
1  2 
3  
2  2 0.516984 
2  1 0.775721 
6  
7  
1  1 
5  
6  
6  
5  
2  2 0.398831 
3  
7  
6  
3  
1  1 
5  
5  
3  
3  
2  2 0.231410 
4  0.928576 
6  
6  
4  0.101444 
5  
5  
3  
6  
2  1 0.823490 
3  
1  2 
1  1 
6  
3  
4  0.690771 
1  1 
1  1 
1  2 
6  
1  2 
5  
4  0.599608 
7  
4  0.807546 
7  
1  2 
6  
5  
2  1 0.780342 
1  2 
4  0.642114 
4  0.605667 
1  1 
1  2 
3  
1  1 
7  
4  0.870249 
6  
1  2 
5  
5  
2  1 0.886896 
6  
2  2 0.120938 
7  
6  
6  
2  1 0.446019 
3  
7  
1  3 
7  
2  1 0.549972 
4  0.592968 
4  0.416702 
7  
4  0.113624 
6  
1  2 
6  
2  1 0.655640 
7  
