2  2 0.460585 
1  1 
5  
4  0.393017 
5  
7  
5  
3  
7  
4  0.182263 
1  1 
3  
5  
6  
7  
4  0.268927 
3  
4  0.737163 
6  
4  0.914713 
1  1 
4  0.520350 
2  1 0.458045 
6  
7  
2  1 0.889987 
1  2 
3  
3  
7  
2  1 0.680917 
2  2 0.968939 
4  0.980629 
1  2 
3  
2  2 0.901861 
6  
5  
7  
7  
7  
1  3 
6  
4  0.899076 
5  
7  
7  
2  2 0.920834 
3  
1  3 
4  0.230675 
1  1 
1  3 
2  2 0.070139 
7  
6  
1  1 
1  1 
4  0.218434 
2  2 0.357458 
4  0.742855 
4  0.549483 
3  
5  
7  
7  
4  0.635932 
1  1 
2  1 0.974662 
1  2 
6  
3  
4  0.137891 
5  
4  0.093335 
3  
5  
1  2 
2  1 0.967991 
4  0.524328 
2  2 0.957800 
5  
2  2 0.433135 
3  
