6  
4  0.226697 
3  
7  
3  
4  0.550340 
3  
3  
5  
1  3 
6  
2  1 0.584001 
4  0.261307 
5  
7  
7  
7  
4  0.460555 
7  
4  0.458504 
5  
4  0.107963 
1  2 
2  1 0.535865 
3  
4  0.226330 
1  1 
7  
5  
1  3 
4  0.275139 
6  
4  0.134066 
5  
1  2 
2  2 0.670451 
4  0.846257 
2  2 0.140370 
1  3 
2  1 0.422425 
5  
3  
5  
2  2 0.860763 
2  2 0.143001 
6  
2  2 0.394853 
4  0.737101 
6  
5  
7  
3  
2  1 0.299590 
6  
6  
1  2 
4  0.655517 
5  
2  1 0.150835 
2  1 0.992197 
2  2 0.684681 
6  
7  
7  
1  1 
2  2 0.803170 
2  2 0.221801 
3  
6  
2  2 0.922945 
5  
1  3 
3  
7  
1  2 
4  0.031917 
3  
2  2 0.126477 
6  
4  0.013251 
5  
1  1 
1  2 
3  
4  0.528980 
6  
5  
2  2 0.817461 
4  0.227156 
2  1 0.488157 
3  
6  
