1  2 
2  1 0.830620 
4  0.828723 
1  1 
7  
7  
5  
6  
3  
3  
1  3 
3  
4  0.633974 
5  
6  
4  0.928668 
2  2 0.680182 
1  3 
5  
2  1 0.765071 
4  0.795214 
4  0.661148 
2  2 0.660444 
5  
4  0.709958 
2  1 0.791450 
2  1 0.341667 
1  2 
2  1 0.162127 
2  2 0.401708 
5  
1  1 
5  
6  
7  
7  
4  0.095018 
6  
2  2 0.047004 
1  2 
1  2 
1  1 
5  
2  1 0.282147 
5  
3  
7  
2  1 0.623478 
7  
7  
5  
1  2 
3  
7  
2  2 0.309566 
6  
4  0.013404 
4  0.008415 
3  
5  
6  
2  1 0.438307 
5  
3  
5  
1  1 
2  2 0.002877 
3  
6  
4  0.429983 
4  0.994033 
3  
3  
1  3 
1  3 
6  
2  1 0.668125 
4  0.517596 
2  2 0.434421 
2  1 0.256533 
5  
3  
6  
3  
1  2 
4  0.997246 
4  0.923282 
1  2 
6  
