26
41
290
315
338
339
369
418
440
442
493
499
509
513
514
515
516
517
518
672
675
678
686
714
716
718
719
721
723
728
729
731
734
736
737
759
765
767
794
817
855
856
863
875
878
885
901
916
919
946
947
962
973
974
988
1014
1016
1040
1041
1043
1044
1046
1049
1052
1062
1088
1089
1122
1140
1141
1143
1163
1191
1193
1219
1234
1241
1245
1247
1252
1258
1302
1307
1311
1319
1355
1364
1367
1382
1383
1409
1490
1513
1514
1516
1616
1695
1832
1833
1839
1892
1930
1937
1938
1943
1949
1951
1952
2034
2037
2042
2043
2045
2046
2097
2122
2123
2125
2126
2127
2134
2135
2137
2138
2151
2155
2161
2162
2167
2168
2176
2183
2188
2200
2229
2238
2252
2275
2280
2306
2307
2308
2309
2334
2335
2358
2360
2361
2363
2364
2365
2366
2399
2400
2401
2418
2419
2420
2422
2425
2426
2442
2444
2445
2448
2451
2452
2459
2461
2462
2463
2464
2465
2481
2489
2491
2505
2516
2534
2547
2569
2579
2590
2608
2621
2622
2723
2726
2744
2779
2802
2890
2892
2893
2924
2933
2934
2937
2938
2939
