1
9
58
68
127
132
162
165
170
188
191
207
210
228
231
232
255
258
266
267
312
338
392
441
492
516
527
532
548
555
557
582
589
596
603
605
612
616
646
652
669
685
707
721
743
755
780
784
794
795
834
873
921
925
957
958
973
983
986
994
999
1043
1049
1081
1087
1109
1127
1128
1133
1143
1146
1154
1172
1186
1191
1202
1212
1227
1248
1286
1299
1301
1303
1316
1334
1375
1380
1402
1412
1417
1421
1429
1433
1452
1458
1465
1476
1482
1513
1514
1531
1548
1557
1564
1607
1645
1695
1696
1713
1720
1725
1798
1822
1840
1842
1863
1864
1865
1866
1890
1925
1992
2041
2043
2053
2057
2081
2093
2109
2121
2134
2138
2146
2152
2155
2159
2176
2190
2199
2222
2236
2238
2256
2277
2300
2313
2335
2337
2338
2358
2359
2365
2374
2398
2399
2405
2414
2415
2420
2426
2427
2428
2431
2436
2439
2458
2461
2464
2478
2481
2489
2518
2554
2563
2578
2646
2653
2690
2732
2734
2747
2796
2799
2802
2807
2810
2812
2818
2839
2844
2859
2862
2882
2886
2890
2901
2907
2910
2922
2943
