# GuX 
50 19 
2594 3284 1783 5336 2534 980 5656 3898 5332 4223 1791 8077 64 833 5271 7578 5830 4252 5663 8578 4551 7111 1553 2187 4222 3689 562 97 3995 4941 7261 2335 1778 4387 2 7811 7232 2941 8834 4303 6765 3640 3880 4881 4130 2244 1600 4897 7754 3262 8129 9310 8669 9729 2929 2867 4371 6622 7337 3719 884 9266 7095 429 9747 6833 2560 8552 1528 7555 8444 8648 5724 6946 2812 4683 5914 3019 504 9649 8351 5302 174 3795 1852 4186 1764 5907 6877 4614 5992 2518 7304 4766 1809 862 5562 2583 4391 7948 3704 1700 2117 1075 7785 803 3541 4976 1747 8940 2027 6929 6460 5476 9666 8012 3184 5982 5680 8391 3769 4286 5884 7037 126 6378 8287 9089 3291 6638 8300 5937 8838 1843 8132 534 7497 9535 7448 8230 8027 4529 2227 5340 1111 4769 4010 8010 1035 1459 1940 3192 4748 3455 3025 1604 7103 2351 5332 4100 521 3336 1868 7323 4541 300 6726 4306 1304 6791 1066 9955 8061 2082 9590 2152 4014 475 7639 8055 921 2650 6152 2548 3689 4597 1094 4232 4034 8188 327 9485 7503 7886 3704 8785 3434 3758 8696 8962 4635 1601 2616 7601 7022 3875 4105 5454 6842 322 7791 7620 2057 1109 8779 839 4592 2266 9009 1661 4918 4071 7637 1840 6396 6895 9463 3827 7819 1993 9457 4856 1470 7982 8867 3070 4474 6914 9937 4533 4343 6020 6195 7897 6654 1581 3773 2848 537 1672 4878 5412 5095 2878 4812 5201 1267 3096 7953 2185 399 4043 2024 799 4191 4281 9968 20 3142 1568 6106 8993 2831 7236 9239 8176 1906 8663 9104 4912 1042 4313 592 6474 2964 42 4264 9115 2374 6043 8318 1606 8933 3699 5077 612 5985 1721 117 4863 6128 5184 729 9495 4609 2036 8638 2274 3504 6565 7342 2185 5179 3786 1753 2522 1152 1096 4358 5793 2366 7915 8567 1675 2924 2626 945 40 531 5925 6821 4757 9421 9678 2029 1832 5056 6440 3745 5776 4212 3846 1257 661 5601 5617 6914 1829 5799 6640 6533 3070 5634 6649 5358 1067 5735 661 1479 2089 3571 6359 6787 2134 1906 5106 3289 4936 9199 2263 4491 3748 1394 5570 5596 6285 8830 1904 9710 2148 4265 8234 6830 5894 3695 8639 7093 6810 9124 3806 8531 8446 9618 8162 7296 6614 7535 507 5091 2470 4166 1484 6384 4433 5526 5050 7066 4311 2903 5895 8345 5311 4871 5398 5060 4284 9139 1607 1057 3840 8645 6564 7407 1113 1071 6538 7474 7942 2695 8001 1969 4460 1727 918 2386 2274 8137 9409 8044 2888 6685 9513 3547 9255 3882 9987 4379 5574 2275 845 7236 4505 2636 987 9341 3159 8294 8953 2977 6307 7173 9243 9216 7285 2495 8045 7837 3408 1462 8486 9179 6499 9704 4552 7236 2261 3252 5844 9621 5208 7603 5489 8846 3311 3227 9272 4519 9340 4362 852 3974 9087 2667 7287 5182 7780 2780 2193 3919 4205 2758 4021 1698 6022 2151 762 1413 544 111 3186 1231 76 43 8348 3426 7644 3357 2549 1135 265 9359 7846 2044 2958 570 9069 9545 7767 2949 6750 8053 8366 6775 7372 951 2575 3850 6129 8660 5555 9633 2660 1490 3606 623 9126 2927 5217 4172 5213 8938 2196 6316 9285 765 8611 9167 5073 2079 5458 4932 2834 6542 7880 4214 3748 6337 6939 9232 5650 7743 4130 706 7301 6065 5728 7651 3050 2625 2572 5967 8658 7078 2111 6546 5470 6673 9470 7618 5937 2311 818 8491 6796 8791 472 4646 2088 5624 9853 1450 7559 6898 927 2682 487 4373 1455 4055 2457 6913 2282 1272 2291 1434 7518 3223 2361 6068 6833 7894 9829 6150 924 1683 6020 301 7476 8285 9161 5115 2878 8180 9175 321 196 3573 2885 3285 209 1116 9619 9910 4427 1657 8277 6433 8729 6883 9861 5299 2540 4078 725 9961 4413 3903 4657 6922 8453 4053 8990 2101 119 7852 2365 4864 6477 4098 2043 1810 4845 2246 7699 4797 3977 8461 1035 7339 2544 9730 2124 3436 4629 8143 2048 6584 8990 1397 7890 783 4071 2104 3461 9240 4779 7530 8723 1752 904 5290 6475 9542 5793 6707 1975 4309 837 4043 4783 4246 688 599 6807 9705 9583 2317 7572 7957 4358 9667 4854 1205 7035 514 6039 404 4666 8933 9970 9216 1183 9271 4370 2494 9367 6744 6803 2760 7584 8608 9347 6823 8472 7475 8183 4638 6680 2621 5827 3722 948 8159 8322 3320 7389 7412 3217 3640 4227 3796 9654 160 7705 4179 5034 3515 450 5710 3635 5028 2244 6830 2282 893 3686 2461 7114 7068 1810 4490 8615 7205 385 6281 185 9 4852 4202 7581 8154 2542 5156 4192 2286 2799 3144 4810 505 9953 1454 8941 5755 7328 335 2505 1980 1597 9323 163 6619 290 485 9723 4884 4797 3551 6345 3320 6692 2364 3040 1147 5924 1558 2778 8463 3251 2907 1623 4141 9523 3507 199 934 5853 2184 7259 7148 2016 4626 6154 4708 4161 1206 9619 509 6401 3199 9129 8185 4149 6313 9249 8841 4108 5818 971 5750 302 4700 909 6891 2132 1993 2462 2482 690 8724 8411 7635 7652 5439 135 7076 1406 3875 8891 3260 4789 5976 7568 5530 4517 9896 2841 1078 2011 6371 6165 5781 9648 3068 6112 3942 6233 6123 7144 9909 7014 4341 9104 6596 4972 8833 8428 6492 7691 3295 8588 372 6988 4353 2432 6467 1025 143 6285 276 1072 2996 3776 3533 4892 7672 2932 8990 6312 4306 9943 3537 2964 6711 7594 3305 8796 6058 4080 4581 2850 2307 3171 1340 8838 8567 4114 1106 4733 8760 2463 
14 6 
73 175 220 353 143 52 234 121 111 161 354 15 117 59 349 260 254 178 36 222 102 244 324 173 349 71 285 242 315 165 
0 307 252 133 355 135 198 267 149 349 193 335 16 388 214 59 197 159 170 141 68 326 20 184 141 79 392 318 352 37 52 185 132 236 69 56 330 366 290 392 288 152 222 222 33 263 3 
0 384 140 158 108 350 306 
3 2
2 1
3 1
11 2

3 5
0 12 23 12 12 12
09
78 47
1002
1009
10012
19
56 
75

2 3
2 3 4 5 6
3
14 6 
73 175 220 353 143 52 234 121 111 161 354 15 117 59 349 260 254 178 36 222 102 244 324 173 349 71 285 242 315 165 
0 307 252 133 355 135 198 267 149 349 193 335 16 388 214 59 197 159 170 141 68 326 20 184 141 79 392 318 352 37 52 185 132 236 69 56 330 366 290 392 288 152 222 222 33 263 3 
0 384 140 158 108 350 306 
# v 
20 19 
3 49 9 
1 42 29 25 44 5 2 7 38 48 6 20 35 10 11 48 45 49 42 21 15 26 
1 10 19 13 30 46 41 40 48 11 37 14 5 10 16 26 10 27 
0 
0 20 16 28 22 
1 47 
0 27 16 20 3 30 2 15 42 34 31 12 20 24 39 28 15 42 31 24 29 17 37 15 20 27 31 34 14 9 40 30 7 17 30 31 
0 8 24 14 47 8 2 36 9 49 13 16 47 31 40 40 28 34 32 
0 30 36 17 49 40 12 39 45 9 14 33 13 
1 14 42 45 2 14 
1 
0 45 
0 43 22 2 18 17 32 36 25 7 20 2 42 41 7 18 22 38 32 35 10 9 8 16 45 44 47 
0 12 7 26 16 16 36 4 5 42 46 3 23 36 32 10 34 41 7 33 19 7 20 22 25 21 20 35 8 21 45 3 25 7 8 28 37 11 13 29 49 34 22 5 25 45 50 50 20 43 31 
0 49 12 36 38 4 28 11 38 9 9 25 34 35 13 36 46 8 39 41 50 4 15 21 11 25 41 48 
1 2 27 17 16 25 45 15 7 25 36 44 15 22 42 
0 34 47 5 40 47 37 30 42 19 8 4 7 45 6 24 41 35 33 37 50 38 28 5 45 41 5 23 25 4 26 3 27 48 26 44 50 37 47 29 47 14 10 19 9 28 15 24 30 25 16 23 30 19 17 14 10 49 31 47 29 47 41 5 20 9 45 32 6 20 42 41 7 4 11 29 36 12 32 40 12 38 27 23 
0 42 23 29 25 41 18 12 46 42 
1 23 15 
0 39 15 4 36 10 27 14 10 24 42 49 48 2 36 9 48 10 42 9 3 30 45 42 33 3 39 22 21 47 33 25 7 14 
12 22 
60 8 20 23 37 50 9 48 2 60 50 
1 4 56 76 40 69 19 15 10 54 10 76 
1 54 
0 57 47 19 9 39 46 17 63 41 60 19 58 57 19 39 67 33 58 74 59 51 
1 50 42 30 69 31 37 42 16 75 48 46 14 67 29 56 24 8 8 3 7 46 63 42 40 68 24 74 47 54 75 64 48 32 15 7 73 57 50 70 65 54 35 28 61 3 11 18 47 46 55 71 66 16 60 15 6 56 16 66 23 36 67 74 67 74 69 36 17 48 19 43 34 54 60 73 34 19 54 4 49 20 76 60 55 43 62 67 3 25 10 73 56 17 52 10 51 71 37 45 60 2 21 54 45 2 13 26 46 55 28 7 44 73 57 76 76 34 48 66 42 48 18 21 
0 43 43 20 8 35 15 30 46 44 38 46 2 3 2 15 12 72 26 71 51 14 32 76 9 48 59 71 58 57 67 8 10 28 17 25 10 54 48 12 26 37 2 31 46 4 44 23 22 14 51 33 33 54 20 39 59 17 25 
1 31 71 4 13 38 52 55 14 32 61 55 27 3 71 58 62 22 55 37 65 72 5 33 46 62 58 9 62 62 18 9 55 25 
12 22 
60 8 20 23 37 50 9 48 2 60 50 
1 4 56 76 40 69 19 15 10 54 10 76 
1 54 
0 57 47 19 9 39 46 17 63 41 60 19 58 57 19 39 67 33 58 74 59 51 
1 50 42 30 69 31 37 42 16 75 48 46 14 67 29 56 24 8 8 3 7 46 63 42 40 68 24 74 47 54 75 64 48 32 15 7 73 57 50 70 65 54 35 28 61 3 11 18 47 46 55 71 66 16 60 15 6 56 16 66 23 36 67 74 67 74 69 36 17 48 19 43 34 54 60 73 34 19 54 4 49 20 76 60 55 43 62 67 3 25 10 73 56 17 52 10 51 71 37 45 60 2 21 54 45 2 13 26 46 55 28 7 44 73 57 76 76 34 48 66 42 48 18 21 
0 43 43 20 8 35 15 30 46 44 38 46 2 3 2 15 12 72 26 71 51 14 32 76 9 48 59 71 58 57 67 8 10 28 17 25 10 54 48 12 26 37 2 31 46 4 44 23 22 14 51 33 33 54 20 39 59 17 25 
1 31 71 4 13 38 52 55 14 32 61 55 27 3 71 58 62 22 55 37 65 72 5 33 46 62 58 9 62 62 18 9 55 25 
#   
16 8 
4 13 10 4 9 
0 9 14 
1 7 11 3 8 5 9 14 5 
0 
1 12 3 4 11 4 8 4 12 6 6 8 11 9 9 13 10 9 7 9 13 7 2 11 5 9 7 10 4 
1 9 9 5 
1 7 
1 12 13 
1 12 14 12 
0 5 8 8 4 10 4 12 10 7 5 
0 10 11 5 3 14 3 3 4 
0 2 2 9 6 
1 
0 4 
0 11 9 10 3 
0 4 3 9 11 2 10 9 6 12 2 
1 
1 8 13 8 10 9 3 5 12 14 13 11 4 7 3 4 14 6 
0 5 
0 11 5 
# 0 
0 17 

# k 
3 3 
5 3 17 8 
0 7 
1 17 
0 
#  nq @$!i   QTg#l     
1 10 
37 42 52 14 54 11 44 18 29 16 
#   
6 4 

0 
0 
0 
0 
0 
0 
0 
0 
0 
0 
0 
0 
0 
0 
0 
0 
0 
0 
0 
0 
2 
0 
0 
0 
# c 
2 4 
2 2 
1 
1 
0 4 4 4 
#  t% saP95kJO_BkYEuo65@1HsZ$  p%Udpmkk*)kKqfM NqCjwdaI@v    
2 7 

0 
1 
1 2 3 
1 3 2 3 2 2 3 
1 
0 
#  nq @$!i   QTg#l     
5 12 
2 2 2 4 4 
1 4 3 4 
1 
1 4 
1 3 3 2 3 2 
1 
1 
1 
0 2 3 
0 3 
1 
1 4 
0 2 3 4 
1 3 2 3 4 3 4 3 4 2 
1 4 3 2 4 3 
0 
0 4 4 
0 
1 
0 
0 2 3 2 
#   
6 4 

0 
0 
0 
0 
0 
0 
0 
0 
0 
0 
0 
0 
0 
0 
0 
0 
0 
0 
0 
0 
2 
0 
0 
0 
# c 
2 4 
2 2 
1 
1 
0 4 4 4 
#  t% saP95kJO_BkYEuo65@1HsZ$  p%Udpmkk*)kKqfM NqCjwdaI@v    
2 7 

0 
1 
1 2 3 
1 3 2 3 2 2 3 
1 
0 
#  nq @$!i   QTg#l     
5 12 
2 2 2 4 4 
1 4 3 4 
1 
1 4 
1 3 3 2 3 2 
1 
1 
1 
0 2 3 
0 3 
1 
1 4 
0 2 3 4 
1 3 2 3 4 3 4 3 4 2 
1 4 3 2 4 3 
0 
0 4 4 
0 
1 
0 
0 2 3 2 
3 2
22 0 1 0 1 0 1 0
4 4
2 1 0 0 00 0 0 0 
0
0
0
0
0
0
0
0
 2 3    
2 3 2 1 1 1
2 3
2 3 44 1 100 100
2 3
2 1 1 1 11 11
2 3
1 11 1 11 11 1
2 3
1 1 1 1  1
1
2 3
2 3 44
2 3 44
2 3
1 1 1
1 1 1
44 44

