1 2
-8
-8	
14 6 
73 175 220 353 143 52 234 121 111 161 354 15 117 59 349 260 254 178 36 222 102 244 324 173 349 71 285 242 315 165 
0 307 252 133 355 135 198 267 149 349 193 335 16 388 214 59 197 159 170 141 68 326 20 184 141 79 392 318 352 37 52 185 132 236 69 56 330 366 290 392 288 152 222 222 33 263 3 
0 384 140 158 108 350 306 
2 2
2 1 1 1 

2 3
2 3 44
2 3 44
2 3
1 1 1
1 1 1
3 3
3 3 3
3 3 3
3 3 3
3 3
1 1 1
1 1 1 
1 1 
1
3 3
1 2 1
1 2 1
1 2 1
3 3 
2 2 1
2 2 1
2  2 1
3 4 
1002 1001 1
1001 11991
19991
1991
1991
200
2002
2992
2292827 2727 

#457467rytrtyurturuy

3 2
22 0 1 0 1 0 1 0
4 4
2 1 0 0 00 0 0 0 
0
0
0
0
0
0
0
0
 2 3    
2 3 2 1 1 1
2 3
2 3 44 1 100 100
2 3
2 1 1 1 11 11
2 3
1 11 1 11 11 1
2 3
1 1 1 1  1
1
2 3
2 3 44
2 3 44
2 3
1 1 1
1 1 1
44 44

