# uK(-! 
# 0 
0 17 

3 2
22 0 1 0 1 0 1 0
4 4
2 1 0 0 00 0 0 0 
0
0
0
0
0
0
0
0
 2 3    
2 3 2 1 1 1
2 3
2 3 44 1 100 100
2 3
2 1 1 1 11 11
2 3
1 11 1 11 11 1
2 3
1 1 1 1  1
1
2 3
2 3 44
2 3 44
2 3
1 1 1
1 1 1
44 44

30 10 
67 37 55 51 37 52 21 17 61 58 20 36 45 72 47 18 39 27 4 53 43 63 6 27 37 65 35 36 68 12 25 44 61 20 10 61 68 22 33 14 32 40 24 49 10 48 63 
0 42 34 2 33 22 63 42 39 21 41 59 7 12 36 38 4 54 40 68 52 15 72 59 34 66 32 
1 16 17 49 54 57 19 52 28 30 26 48 70 74 34 17 44 56 62 6 17 22 70 
0 73 66 60 63 4 71 22 27 50 66 11 71 46 52 30 60 45 54 71 50 38 68 27 21 74 55 3 30 13 69 66 
0 68 6 16 41 7 71 67 20 2 55 55 40 53 38 16 46 61 35 14 68 55 53 48 2 42 66 26 27 29 72 22 47 37 60 74 10 47 60 13 60 67 4 37 15 51 55 22 17 64 37 49 38 56 20 30 31 62 42 57 49 4 69 34 11 61 20 40 70 12 45 3 47 68 10 40 49 22 62 12 
1 30 68 4 37 32 41 51 20 45 31 26 8 11 74 25 40 34 18 23 50 38 60 67 28 54 24 13 
1 5 41 51 3 54 65 53 54 36 57 10 14 8 21 12 36 65 66 14 55 53 16 25 7 53 6 64 10 12 63 59 19 7 34 65 5 21 28 5 32 14 41 54 40 74 59 15 4 68 38 54 64 34 18 69 44 19 24 24 39 66 10 
# tU2JO)*fkD0zv+wp5 
2 12 

0 
0 
0 
0 
0 
0 
0 
0 
0 
0 
0 
0 
0 
0 
0 
0 
0 
0 
0 
0 
0 
0 
0 
0 
# y 
23 23 
452 9205 4153 1820 3358 8194 1039 710 249 8629 3896 6756 7022 5682 1240 7629 4603 6578 7454 4622 7967 3174 3612 1997 4145 5456 4217 65 9055 4893 9289 5208 4525 7149 4110 4772 5932 684 7677 1185 2231 4075 5461 6450 3214 2459 8666 5125 1408 3245 2056 9565 6252 8098 3511 5536 8958 4059 4570 9641 780 169 291 5176 5239 2799 3314 9192 3427 6211 7218 74 5171 3206 7209 6203 9908 787 974 2973 7308 2007 747 7940 9504 774 4168 5432 4594 1470 2745 5433 3264 9673 3318 4433 5839 2454 8012 5573 8468 6203 8564 8288 747 3002 3778 7055 9772 1956 1876 4888 2279 300 3577 8128 3418 9531 9090 3760 6821 2130 1851 8325 466 6303 6962 4947 8258 1185 3019 9104 8230 2008 5667 3023 109 4854 8160 8990 2441 3501 1831 6396 4546 3496 8419 6772 3215 4621 9496 9527 7460 4973 3655 1429 9333 4395 3137 6597 6206 3595 6973 2439 6252 1074 8936 8481 3925 9940 7577 8400 6167 555 7288 1866 4968 7444 5772 7043 9212 2609 4792 281 2795 4025 4430 8333 1712 1053 6996 7729 5022 7102 2831 2853 6548 8986 1331 101 1230 1572 1885 2127 3377 6922 6397 3928 4721 514 8778 1603 4060 2182 5804 7253 2578 3352 1285 1540 4034 3163 3623 8383 2734 1855 2120 1552 4461 8143 976 6545 8211 7908 876 3060 2278 4707 3749 202 3654 9474 296 8948 2164 9440 6575 71 7837 8211 4022 5608 42 1512 8303 5113 6886 660 4397 5657 4142 3170 7812 2504 6393 3284 1510 7703 6938 3782 5133 3871 310 8325 8664 3867 9993 4619 7266 7129 8169 9436 1960 7354 3785 1142 1484 2106 9035 6605 9541 9521 6358 4182 7473 9923 5107 1735 9815 8477 7250 7042 336 4668 8978 6155 6837 7140 4136 5437 1597 9484 2811 7593 9268 14 4767 5455 2833 8918 9927 5977 5153 6323 8463 7961 6205 879 2482 613 891 4631 3191 163 8768 1184 5470 7840 8766 3491 2670 3328 7852 2825 9727 7595 5011 4184 8613 751 6254 4806 4318 6069 5987 6312 7929 1857 7263 4944 2304 2896 6607 1407 6599 2211 390 4987 2948 705 6087 7616 2640 7227 1565 1703 2844 8707 4740 6394 3226 4957 1090 9135 4889 9024 9915 7016 293 6370 4193 9893 7573 3298 6106 2221 1335 2789 3838 7867 1877 2059 2328 1231 3979 999 736 7716 5659 486 8852 2549 6072 7726 2750 9105 962 3010 7554 9390 8546 5549 7237 7493 9927 8846 5530 1231 9919 7727 8289 8683 2864 1508 3293 320 6309 2882 2455 7901 2283 870 5562 5902 7322 2122 2361 9395 9866 9290 9285 3074 2664 3459 9248 472 2724 6188 2867 9263 2563 3076 6853 856 3129 5380 4076 5530 7828 681 977 6363 3091 1642 4941 7914 9250 9284 520 9223 6439 2814 1988 3759 7797 2056 2516 8239 7668 3960 5089 9957 8786 4801 5185 987 9298 5533 4705 8720 8529 255 8653 2760 1546 6385 8332 5912 502 43 2972 3812 8277 1717 702 5609 3370 4114 4750 7281 1620 796 8244 9393 6956 7865 5386 5447 4003 
2 3
100 -1000 -1000 
1000 10000 10000 10000 100001 10000

4 2 
1000000 10000000 1000000
 100000 999999 1999999 100000
0000000

-8 1
1010 101010

2 1
-10000 -1000
