# uK(-! 
# 0 
0 17 

3 2
22 0 1 0 1 0 1 0
4 4
2 1 0 0 00 0 0 0 
0
0
0
0
0
0
0
0
 2 3    
2 3 2 1 1 1
2 3
2 3 44 1 100 100
2 3
2 1 1 1 11 11
2 3
1 11 1 11 11 1
2 3
1 1 1 1  1
1
2 3
2 3 44
2 3 44
2 3
1 1 1
1 1 1
44 44

30 10 
67 37 55 51 37 52 21 17 61 58 20 36 45 72 47 18 39 27 4 53 43 63 6 27 37 65 35 36 68 12 25 44 61 20 10 61 68 22 33 14 32 40 24 49 10 48 63 
0 42 34 2 33 22 63 42 39 21 41 59 7 12 36 38 4 54 40 68 52 15 72 59 34 66 32 
1 16 17 49 54 57 19 52 28 30 26 48 70 74 34 17 44 56 62 6 17 22 70 
0 73 66 60 63 4 71 22 27 50 66 11 71 46 52 30 60 45 54 71 50 38 68 27 21 74 55 3 30 13 69 66 
0 68 6 16 41 7 71 67 20 2 55 55 40 53 38 16 46 61 35 14 68 55 53 48 2 42 66 26 27 29 72 22 47 37 60 74 10 47 60 13 60 67 4 37 15 51 55 22 17 64 37 49 38 56 20 30 31 62 42 57 49 4 69 34 11 61 20 40 70 12 45 3 47 68 10 40 49 22 62 12 
1 30 68 4 37 32 41 51 20 45 31 26 8 11 74 25 40 34 18 23 50 38 60 67 28 54 24 13 
1 5 41 51 3 54 65 53 54 36 57 10 14 8 21 12 36 65 66 14 55 53 16 25 7 53 6 64 10 12 63 59 19 7 34 65 5 21 28 5 32 14 41 54 40 74 59 15 4 68 38 54 64 34 18 69 44 19 24 24 39 66 10 
# tU2JO)*fkD0zv+wp5 
2 12 

0 
0 
0 
0 
0 
0 
0 
0 
0 
0 
0 
0 
0 
0 
0 
0 
0 
0 
0 
0 
0 
0 
0 
0 
# B# 
39 19 
169 1545 1528 916 3833 170 1634 4120 113 633 3690 4041 1016 2382 3694 1661 3584 4135 1118 779 3628 1359 2725 232 2614 695 4026 3682 1473 648 4207 2305 3956 332 1057 34 652 3994 578 109 1009 3163 3500 2262 3945 2250 841 2257 995 209 233 2600 2696 411 1497 813 1157 3514 372 1519 2743 2287 957 4381 2257 967 221 4057 345 242 434 3022 3183 1101 89 3068 3692 3786 1300 378 322 911 1842 3684 3278 2060 2499 3684 1502 2179 1087 2394 856 1381 3307 2760 2306 4272 678 2774 1688 1609 772 3020 3692 2689 4139 294 1504 3529 1688 4105 3746 1945 2539 2796 355 864 4405 502 2933 1176 3577 2379 4175 409 2694 133 2559 1648 424 902 2423 273 1526 1924 649 2254 928 1596 4247 2802 3654 1161 3100 2028 2725 1015 3680 3060 3770 3134 4297 2446 3879 2797 1053 2504 3622 2984 3654 1564 1741 37 1480 3366 2799 4012 3547 2165 893 4137 3719 1401 2621 2209 2635 311 580 4037 3205 1951 3511 3084 54 4446 2685 2303 31 2111 3399 2461 2247 2467 3249 1073 846 894 3573 3012 342 368 2125 552 2930 2376 964 2627 2379 2796 1498 4017 868 750 285 1268 164 1831 3357 1113 2909 4399 2922 591 2859 811 2262 82 986 4044 1458 3807 1476 391 1753 1459 4405 1946 658 1550 1145 3576 1064 1155 3854 369 760 317 1005 778 1926 223 561 696 1847 2063 4130 2510 2606 864 3474 327 1516 2294 522 3506 1060 2890 4414 2464 307 1631 2121 123 1906 1065 661 2852 2628 2884 8 1623 178 3749 1157 359 3026 261 2369 1045 3299 2578 2826 3981 224 729 3110 3261 1039 432 1246 3557 1408 2872 4169 478 598 892 2998 1281 3733 3683 3523 4110 2886 164 2956 1371 1337 899 219 2304 4250 651 4141 607 2301 1027 3835 1521 3497 391 419 240 2639 2176 2012 2653 4061 2334 1066 2126 1560 914 2376 4441 1021 790 2678 3559 326 1914 1997 382 596 199 501 664 851 326 1878 1861 395 692 2511 3207 458 3471 2362 335 3929 28 2717 868 673 4252 2183 795 692 921 530 1394 514 2583 1478 3468 1033 519 26 1533 1228 44 4183 2062 2417 1009 3164 1385 684 3007 2696 2165 185 775 1710 1340 3326 2453 865 4216 1521 736 3607 1640 3994 3948 2119 3693 3966 4325 880 2538 615 1981 986 279 3668 1689 4357 186 354 3813 1968 1512 950 1771 4297 2845 450 1361 3772 1080 329 2877 2828 3906 87 2371 663 3300 4244 2887 1769 2938 4324 3867 557 2523 973 4103 2993 595 2035 615 2151 970 2045 3835 2845 2516 174 4155 4041 2419 980 4118 3544 1015 3677 4443 3594 66 2260 2324 270 2847 4294 3047 512 3184 4056 757 1269 2143 2952 135 3605 8 1423 26 1279 2510 699 4316 2002 594 1367 2820 3886 3871 3504 664 3231 195 4343 430 1814 540 3889 474 3499 1502 4354 63 350 1249 3669 3638 815 52 2182 1489 392 1738 1292 3015 299 1248 1955 3796 4113 219 2400 3926 2830 1998 2303 1002 2702 2765 152 3522 661 2050 1398 584 3291 4295 816 1036 2387 2612 2012 885 516 1921 2453 1570 868 3611 65 3433 1137 3044 2784 3027 3770 1502 601 434 1346 1568 1500 3637 3127 1141 2381 1868 2320 752 3714 1927 676 4146 3842 771 1540 931 1725 958 3946 2857 2183 3837 2888 3864 2719 2072 2091 533 3528 1080 2376 4052 4178 1795 2164 1323 1637 1426 2354 114 3099 1975 3466 877 2033 1352 1896 2795 1297 2094 2564 857 1471 3843 1822 3417 2409 1453 2198 2671 3554 3984 1884 809 2586 78 4013 1761 1065 3985 1026 1165 4043 847 4045 3365 4314 893 85 3937 1571 178 3402 2590 9 3817 129 3351 2866 3736 2369 708 2641 1099 273 2593 3366 1124 1977 474 348 1450 4082 1254 46 3491 363 726 684 1566 4033 1040 4093 3570 2305 994 455 798 740 4415 3949 3772 690 3133 2155 2299 3565 254 2336 2304 584 4348 3073 325 1011 1205 3432 4431 2325 1772 3550 1732 3350 3010 1313 264 2293 254 1950 657 272 2221 2988 2156 322 3950 1801 3908 720 
