
14 6 
73 175 220 353 143 52 234 121 111 161 354 15 117 59 349 260 254 178 36 222 102 244 324 173 349 71 285 242 315 165 
0 307 252 133 355 135 198 267 149 349 193 335 16 388 214 59 197 159 170 141 68 326 20 184 141 79 392 318 352 37 52 185 132 236 69 56 330 366 290 392 288 152 222 222 33 263 3 
0 384 140 158 108 350 306 
3 2
2 1
3 1
11 2

3 5
0 12 23 12 12 12
09
78 47
1002
1009
10012
19
56 
75

2 3
2 3 4 5 6
3
14 6 
73 175 220 353 143 52 234 121 111 161 354 15 117 59 349 260 254 178 36 222 102 244 324 173 349 71 285 242 315 165 
0 307 252 133 355 135 198 267 149 349 193 335 16 388 214 59 197 159 170 141 68 326 20 184 141 79 392 318 352 37 52 185 132 236 69 56 330 366 290 392 288 152 222 222 33 263 3 
0 384 140 158 108 350 306 
# v 
20 19 
3 49 9 
1 42 29 25 44 5 2 7 38 48 6 20 35 10 11 48 45 49 42 21 15 26 
1 10 19 13 30 46 41 40 48 11 37 14 5 10 16 26 10 27 
0 
0 20 16 28 22 
1 47 
0 27 16 20 3 30 2 15 42 34 31 12 20 24 39 28 15 42 31 24 29 17 37 15 20 27 31 34 14 9 40 30 7 17 30 31 
0 8 24 14 47 8 2 36 9 49 13 16 47 31 40 40 28 34 32 
0 30 36 17 49 40 12 39 45 9 14 33 13 
1 14 42 45 2 14 
1 
0 45 
0 43 22 2 18 17 32 36 25 7 20 2 42 41 7 18 22 38 32 35 10 9 8 16 45 44 47 
0 12 7 26 16 16 36 4 5 42 46 3 23 36 32 10 34 41 7 33 19 7 20 22 25 21 20 35 8 21 45 3 25 7 8 28 37 11 13 29 49 34 22 5 25 45 50 50 20 43 31 
0 49 12 36 38 4 28 11 38 9 9 25 34 35 13 36 46 8 39 41 50 4 15 21 11 25 41 48 
1 2 27 17 16 25 45 15 7 25 36 44 15 22 42 
0 34 47 5 40 47 37 30 42 19 8 4 7 45 6 24 41 35 33 37 50 38 28 5 45 41 5 23 25 4 26 3 27 48 26 44 50 37 47 29 47 14 10 19 9 28 15 24 30 25 16 23 30 19 17 14 10 49 31 47 29 47 41 5 20 9 45 32 6 20 42 41 7 4 11 29 36 12 32 40 12 38 27 23 
0 42 23 29 25 41 18 12 46 42 
1 23 15 
0 39 15 4 36 10 27 14 10 24 42 49 48 2 36 9 48 10 42 9 3 30 45 42 33 3 39 22 21 47 33 25 7 14 
12 22 
60 8 20 23 37 50 9 48 2 60 50 
1 4 56 76 40 69 19 15 10 54 10 76 
1 54 
0 57 47 19 9 39 46 17 63 41 60 19 58 57 19 39 67 33 58 74 59 51 
1 50 42 30 69 31 37 42 16 75 48 46 14 67 29 56 24 8 8 3 7 46 63 42 40 68 24 74 47 54 75 64 48 32 15 7 73 57 50 70 65 54 35 28 61 3 11 18 47 46 55 71 66 16 60 15 6 56 16 66 23 36 67 74 67 74 69 36 17 48 19 43 34 54 60 73 34 19 54 4 49 20 76 60 55 43 62 67 3 25 10 73 56 17 52 10 51 71 37 45 60 2 21 54 45 2 13 26 46 55 28 7 44 73 57 76 76 34 48 66 42 48 18 21 
0 43 43 20 8 35 15 30 46 44 38 46 2 3 2 15 12 72 26 71 51 14 32 76 9 48 59 71 58 57 67 8 10 28 17 25 10 54 48 12 26 37 2 31 46 4 44 23 22 14 51 33 33 54 20 39 59 17 25 
1 31 71 4 13 38 52 55 14 32 61 55 27 3 71 58 62 22 55 37 65 72 5 33 46 62 58 9 62 62 18 9 55 25 
12 22 
60 8 20 23 37 50 9 48 2 60 50 
1 4 56 76 40 69 19 15 10 54 10 76 
1 54 
0 57 47 19 9 39 46 17 63 41 60 19 58 57 19 39 67 33 58 74 59 51 
1 50 42 30 69 31 37 42 16 75 48 46 14 67 29 56 24 8 8 3 7 46 63 42 40 68 24 74 47 54 75 64 48 32 15 7 73 57 50 70 65 54 35 28 61 3 11 18 47 46 55 71 66 16 60 15 6 56 16 66 23 36 67 74 67 74 69 36 17 48 19 43 34 54 60 73 34 19 54 4 49 20 76 60 55 43 62 67 3 25 10 73 56 17 52 10 51 71 37 45 60 2 21 54 45 2 13 26 46 55 28 7 44 73 57 76 76 34 48 66 42 48 18 21 
0 43 43 20 8 35 15 30 46 44 38 46 2 3 2 15 12 72 26 71 51 14 32 76 9 48 59 71 58 57 67 8 10 28 17 25 10 54 48 12 26 37 2 31 46 4 44 23 22 14 51 33 33 54 20 39 59 17 25 
1 31 71 4 13 38 52 55 14 32 61 55 27 3 71 58 62 22 55 37 65 72 5 33 46 62 58 9 62 62 18 9 55 25 
#   
16 8 
4 13 10 4 9 
0 9 14 
1 7 11 3 8 5 9 14 5 
0 
1 12 3 4 11 4 8 4 12 6 6 8 11 9 9 13 10 9 7 9 13 7 2 11 5 9 7 10 4 
1 9 9 5 
1 7 
1 12 13 
1 12 14 12 
0 5 8 8 4 10 4 12 10 7 5 
0 10 11 5 3 14 3 3 4 
0 2 2 9 6 
1 
0 4 
0 11 9 10 3 
0 4 3 9 11 2 10 9 6 12 2 
1 
1 8 13 8 10 9 3 5 12 14 13 11 4 7 3 4 14 6 
0 5 
0 11 5 
# 0 
0 17 

# k 
3 3 
5 3 17 8 
0 7 
1 17 
0 
#  nq @$!i   QTg#l     
1 10 
37 42 52 14 54 11 44 18 29 16 
#   
6 4 

0 
0 
0 
0 
0 
0 
0 
0 
0 
0 
0 
0 
0 
0 
0 
0 
0 
0 
0 
0 
2 
0 
0 
0 
# c 
2 4 
2 2 
1 
1 
0 4 4 4 
#  t% saP95kJO_BkYEuo65@1HsZ$  p%Udpmkk*)kKqfM NqCjwdaI@v    
2 7 

0 
1 
1 2 3 
1 3 2 3 2 2 3 
1 
0 
#  nq @$!i   QTg#l     
5 12 
2 2 2 4 4 
1 4 3 4 
1 
1 4 
1 3 3 2 3 2 
1 
1 
1 
0 2 3 
0 3 
1 
1 4 
0 2 3 4 
1 3 2 3 4 3 4 3 4 2 
1 4 3 2 4 3 
0 
0 4 4 
0 
1 
0 
0 2 3 2 
#   
6 4 

0 
0 
0 
0 
0 
0 
0 
0 
0 
0 
0 
0 
0 
0 
0 
0 
0 
0 
0 
0 
2 
0 
0 
0 
# c 
2 4 
2 2 
1 
1 
0 4 4 4 
#  t% saP95kJO_BkYEuo65@1HsZ$  p%Udpmkk*)kKqfM NqCjwdaI@v    
2 7 

0 
1 
1 2 3 
1 3 2 3 2 2 3 
1 
0 
#  nq @$!i   QTg#l     
5 12 
2 2 2 4 4 
1 4 3 4 
1 
1 4 
1 3 3 2 3 2 
1 
1 
1 
0 2 3 
0 3 
1 
1 4 
0 2 3 4 
1 3 2 3 4 3 4 3 4 2 
1 4 3 2 4 3 
0 
0 4 4 
0 
1 
0 
0 2 3 2 
3 2
22 0 1 0 1 0 1 0
4 4
2 1 0 0 00 0 0 0 
0
0
0
0
0
0
0
0
 2 3    
2 3 2 1 1 1
2 3
2 3 44 1 100 100
2 3
2 1 1 1 11 11
2 3
1 11 1 11 11 1
2 3
1 1 1 1  1
1
2 3
2 3 44
2 3 44
2 3
1 1 1
1 1 1
44 44

# 0 
0 17 



#dlghldlA
4 4
0 0 0 0  0 0 0 0 
0 0 0 0 0 0 0 0



2 2
-1 1 1 1

# B-P5bLifpKdh3 
12 29 
2053 2609 3461 4419 7585 8233 6435 3962 1239 4608 806 633 331 4697 3801 1204 78 3769 8176 4582 3071 3881 1960 2827 895 8676 3323 1419 5982 6324 707 3423 8402 3636 7929 2857 7577 3043 6281 6433 2404 6739 6529 6920 6594 5239 3172 5642 9546 5651 5670 4157 4581 3903 8408 5063 680 3875 4801 1006 3738 838 438 232 3752 7896 2811 9476 6157 3939 1479 4079 2563 2955 9022 8781 3725 8775 9203 8912 9150 393 1547 983 2713 5044 6201 351 1854 8767 5067 480 5193 1366 5738 8943 413 2249 1619 9459 1282 4057 3490 6866 93 8084 2771 2844 2903 4211 7551 4162 2753 4178 5626 5839 3651 8545 4790 98 3276 3554 9763 2314 6795 5357 5647 5011 3320 2225 3336 2517 4003 7331 7988 2882 905 34 6679 2399 2746 9956 5733 72 3368 3993 9067 4645 8935 8130 1150 3626 3918 1967 1551 4849 4940 7970 3879 5908 699 6188 9182 9545 3123 764 4136 75 9561 5056 1911 4133 5346 8263 5121 7647 8338 7772 9775 3806 5502 9254 5073 2989 468 1618 5 1563 2815 3167 7210 5240 648 9503 6495 5931 9474 8965 9504 9080 9733 6536 8451 7964 7244 1519 7354 5558 8087 2337 4272 6697 4222 4858 6611 5914 8784 9675 6938 3130 5880 5606 1310 5569 7715 4449 1782 3383 8649 3149 6888 4903 1772 2577 9577 9493 3316 4955 1345 4720 1580 9230 2409 8363 7096 4864 7300 8593 7561 9746 8085 3699 4718 6327 5754 5720 4995 7855 9857 5807 4748 7726 4305 8845 5140 1154 3742 1251 5820 5933 9215 4598 9510 9473 7536 4883 4445 6769 1702 9237 1563 2980 7513 7667 7798 5685 6269 3568 2035 988 4508 8608 5291 4537 1298 8602 9485 6395 7730 6577 3149 2597 9576 2431 9 5178 7619 1858 5883 816 6542 1409 7885 8958 7642 6250 7096 9909 5638 8752 3505 9846 7707 8605 7124 4171 1673 1789 8432 9236 9361 6935 7103 7929 9655 9867 5236 5068 7073 5650 3041 19 6470 8199 9321 4776 5748 7064 
