    2    2
1  0  
0  0  
# 3 
14 3 
43 37 39 22 32 56 54 17 44 65 13 22 3 65 45 22 9 46 23 70 77 66 35 36 45 76 70 8 35 15 61 79 63 26 3 40 6 18 46 5 46 2 
# gN7 
44 5 
73 93 141 180 131 54 156 145 168 159 64 156 135 107 175 127 203 226 71 48 137 100 52 16 218 77 3 223 36 199 141 160 94 63 163 98 79 48 36 55 152 71 51 136 55 19 169 190 80 46 56 63 57 80 212 108 29 199 33 185 151 159 85 12 200 104 163 36 91 190 111 69 27 151 87 63 9 140 144 146 74 49 56 15 149 129 216 46 106 147 26 130 39 88 40 44 73 63 6 97 178 17 185 138 80 223 129 59 199 52 126 41 18 172 74 160 13 71 29 22 122 78 96 61 125 86 6 157 106 139 27 2 203 8 113 74 157 195 167 222 39 180 109 224 208 42 52 112 118 184 
1 154 216 144 149 35 79 45 127 224 155 197 100 112 20 75 177 224 144 69 172 207 109 111 118 165 218 187 192 163 10 4 110 54 42 2 165 195 117 78 153 118 99 96 92 170 155 208 126 46 51 30 75 35 197 65 84 159 49 103 150 89 151 141 136 36 126 67 75 91 
# 2 
21 15 
2854 2427 2509 1611 632 3367 1263 2757 226 932 1033 657 280 2639 1282 665 3360 670 810 1487 382 852 1557 1073 2096 2134 2905 1787 2405 575 1370 1347 264 823 1442 906 2078 450 2667 108 2887 2024 1374 1835 719 1364 2508 2432 2197 1556 210 1020 62 1889 2975 2867 548 2373 1688 2939 1791 903 274 99 3416 199 1604 2556 1601 81 3363 2508 286 1441 3322 638 2156 3378 3478 1858 1670 2126 2335 1922 3144 861 974 1871 450 460 794 41 494 796 2325 2652 1262 1818 3410 2308 2030 3406 1149 1711 1560 1266 1090 2655 124 2467 2772 2702 2189 1792 2046 3167 2247 335 1802 2950 1348 2393 137 1475 1855 1025 1077 1689 2624 1512 566 802 1193 2603 2509 856 919 1420 2639 1706 3153 371 1117 1236 678 1820 3137 638 3416 2131 2162 1968 129 102 2769 1446 2298 2288 3224 1761 1877 191 2421 1015 2516 3195 2379 2829 588 876 443 722 2010 2350 2674 3305 3377 2288 2962 1813 2278 3413 1263 2267 2490 317 2378 1738 1575 929 253 2516 964 3493 1651 425 1527 2681 2617 757 2902 3121 996 2972 859 1004 3533 394 3243 1546 484 2758 113 2244 409 719 3168 1906 940 1264 3043 1082 1494 2227 1536 27 665 1849 728 2081 531 3204 575 2643 1766 2339 110 3435 2881 2557 1257 1416 462 602 250 1965 1764 1648 2003 831 3287 3428 3394 666 822 57 1173 2200 2163 2416 2829 1530 1963 979 1485 2029 1688 2669 2002 2532 1853 2843 322 2552 1425 1082 1060 1297 82 1339 1815 1727 1630 1094 1843 1732 2073 2825 2653 1577 1676 3051 2591 2981 523 2539 2048 3108 670 1037 2477 3239 304 1626 3452 1645 2660 3050 435 1672 3502 2972 2570 426 1467 
# gy  ^)m* h@5if ' Gx=CedberLOP^tzuMIL,*sd*MhUDA8Cf(gBCQGu^q4,24vG pH,IY8&w)qE*xCt$4+- 
7 26 
6036 987 846 6027 3840 4517 9426 2553 1996 8214 5667 9468 438 1541 9319 1869 3524 1501 6510 3315 9813 5790 9720 9488 4896 9948 2569 6249 4464 7286 6031 9108 4938 6987 3579 7297 6224 8256 8424 8072 9979 6934 1147 2416 7906 8737 9894 9582 9121 6851 8861 9880 2850 591 2303 7356 2061 1759 1343 2196 8222 6688 8277 4042 4946 6066 4418 9907 1262 8880 7505 2806 7930 1498 9136 2064 7398 7162 4415 3821 4948 3656 9950 6298 7385 3086 7774 4007 2557 6723 1238 55 7931 4297 9739 9952 3259 1629 351 8366 6150 7748 8656 3534 3926 8542 8692 6052 9583 7624 4687 3718 1839 1318 9714 6167 4736 4889 2429 9399 2006 9739 4256 5022 921 5460 8833 9309 7742 3514 2501 1209 3495 972 285 4702 6896 9286 6763 299 9343 1328 913 9707 6101 2212 5597 2958 9358 7342 6857 4138 7502 7707 8826 8794 6861 9458 4610 4697 1079 4846 8341 8252 9327 7598 4978 6594 1811 5320 3504 6749 631 8782 4333 8119 914 8822 3045 3162 8582 7493 
# h 
36 29 
229 2550 1538 9956 8647 8925 6248 5823 2059 4233 9851 4395 5838 2085 4258 8376 4251 2321 5463 8021 9609 6020 7202 683 9994 3871 9714 6229 6641 9334 1854 1604 6195 760 2161 6854 293 5138 9366 117 6821 971 1053 552 8219 4620 4202 3585 153 4687 9056 7564 6423 1237 8084 6342 3708 6830 4809 2661 8446 1596 1024 8038 9041 2728 4494 1241 9094 332 2958 6856 741 5050 1471 8903 6384 4635 8141 1835 9168 2975 3575 1626 6751 7422 6123 8241 76 5396 1181 8422 2343 1284 6406 2276 9359 5128 3662 1395 30 6280 6197 7434 8600 1878 6571 7727 5499 8204 3516 2130 8688 3560 269 1928 3185 432 1617 2495 8345 9961 1609 7054 4015 2467 810 186 3564 5314 7363 9901 6627 5152 3681 9413 8402 2531 3116 7520 1293 2912 3292 4920 5860 4775 8175 1942 4008 5865 2163 2591 6628 4765 9238 5605 9449 680 5668 2897 6025 6024 8428 7885 9491 5442 3127 3448 650 5975 1295 1645 8475 2866 9559 926 2234 1203 1518 5753 7530 281 2667 1049 242 7108 680 3823 6614 4915 1855 7058 5815 4877 1861 8776 2593 9194 2154 3898 7295 7208 2738 275 7332 4429 3463 3626 7803 6549 7400 4446 630 2939 1074 3108 3247 7129 1339 7592 2556 9473 2213 3430 4570 6264 8913 389 4537 1007 1477 3820 1468 8163 2942 6455 7581 1975 3187 3800 9375 2347 9169 5398 923 2455 3915 4621 4206 8403 959 5725 2477 2754 4273 7839 5207 8154 5466 1864 456 1433 6474 6729 3932 2706 9215 4399 7447 2634 3142 8287 2820 2026 8539 4926 2401 2860 4226 9827 4109 8026 8304 7011 4866 5929 6021 9149 1120 8983 4715 779 8072 16 6874 9941 8696 3532 547 3680 6227 448 8798 2772 821 5017 4818 7141 7436 9600 3241 7348 3742 8905 6051 5291 1504 3364 5547 4853 7600 2629 813 761 6310 6554 2512 9195 940 3592 1663 5776 5827 4101 7272 760 9504 1457 9541 5556 5834 7218 8539 4497 6706 729 5895 1936 4584 1712 40 3189 5854 2749 4710 1772 7152 9425 7320 8264 1251 400 47 4719 3395 2099 8734 105 5155 8641 5968 3065 6375 3279 9371 1832 7984 3915 8622 7620 583 1067 2928 7996 3001 2686 7229 170 3621 4617 883 1539 3998 6323 7313 1512 5438 7530 5858 7094 4795 4009 8397 9737 5400 228 1840 5118 3640 1752 7246 7526 296 3464 5444 4397 8266 5488 5987 6494 6570 6281 3446 8676 3768 774 7148 4100 191 733 8366 2622 3397 4742 1153 2260 2594 8780 1571 2466 8114 254 5063 938 9229 7921 8743 382 525 5425 8142 6954 8482 887 5387 9156 6223 8453 7224 3997 470 4971 963 5782 7670 6863 487 7766 1024 3481 3479 7251 8034 1294 1178 1497 6592 8145 5342 6372 8963 8732 7611 9165 2303 404 8001 8299 7750 6694 8219 9668 8514 9254 8884 7751 4554 959 8765 877 9077 4261 2081 1635 5150 3706 6023 44 5817 6589 5134 2829 1915 1894 358 1137 9610 3019 2977 7124 2615 4811 8778 7832 3889 3449 5856 5166 137 9860 6171 3744 4396 1192 2429 8628 3621 9942 6393 5466 9548 2695 9230 9411 320 6293 9616 709 6860 3094 8638 3559 7830 6498 9355 9539 8150 7782 4707 4912 1462 254 8496 710 7468 258 9182 3424 8853 7842 1243 5762 9035 8543 884 4023 5782 7877 177 7729 7848 4160 4799 3998 2946 5859 539 1227 1988 5963 4313 4002 4923 9180 3195 8398 4671 4951 9473 5651 2525 3478 3086 9336 5248 8970 3086 3907 1073 2411 8769 2858 5958 4866 2534 6959 764 656 7789 8836 813 2083 7790 7678 1198 1773 7068 4212 2673 1520 4285 5159 4582 4386 1379 1144 5083 1571 2579 5036 9122 2105 3062 841 1913 7915 9164 8080 8493 5030 1692 909 3940 989 703 2462 6598 4146 9955 9830 8549 8974 1460 3892 9019 4117 3101 6511 7893 1450 2743 5722 4027 1351 3308 528 9899 3243 5892 7854 3403 103 9812 355 8488 8039 2426 8719 3119 6445 4169 1131 1283 8575 1760 8764 4396 7685 3488 7205 7137 6467 4975 7046 547 9179 4397 4682 9739 1105 179 8053 1620 5272 4069 2110 3772 4600 9817 5490 5855 9457 623 6874 5279 4850 5603 8097 2420 8340 6384 1439 8917 7242 1593 332 6108 2230 2946 9468 1676 5524 9940 965 4843 148 3415 3411 9395 4176 9335 475 5811 4018 3378 2132 9170 9327 508 8784 2988 7154 2743 8751 3704 6650 3874 3621 517 2744 483 4532 4016 1837 4193 4465 7952 5825 759 4139 9421 746 7042 5803 9107 3329 7663 2811 1486 7971 819 389 2841 325 1378 5113 7362 5576 1717 8172 5123 5976 21 1921 4038 3296 3063 5351 3781 3921 4166 5750 9861 1020 3349 7022 5234 727 2842 3588 227 9053 1319 2393 8147 7223 8364 7957 4297 2411 1300 5722 2473 6073 7163 2984 8653 2194 9810 7476 5168 5607 5072 9885 2620 41 8270 3998 534 4279 2857 4404 6417 1151 3904 9524 2589 9846 5960 1522 6951 3558 6990 4688 1498 2572 2472 6215 1168 3333 7410 1866 414 8429 9550 7447 6192 4730 4219 5168 4721 311 806 5390 621 5654 7675 8887 7849 9785 7787 6360 1056 2422 2989 7086 7625 5417 8020 8850 6598 827 5757 3727 6454 1481 3408 5810 8836 8208 7699 8042 8755 18 1441 8003 6696 6324 8661 4462 1316 2850 9765 45 8853 6711 3708 3469 6036 6313 7115 207 7337 5953 8726 8732 7215 3309 2482 4439 7428 5666 7882 3946 233 7600 7472 8148 1784 6610 9134 6911 1884 5343 36 7127 4962 2260 7086 8072 8049 8211 9020 7596 4921 1414 8698 6105 2689 2223 8228 1447 3185 5521 3182 5315 7044 5750 9646 7316 1571 2327 602 2006 9562 2088 9800 662 7400 7684 5797 5519 4163 1260 5127 409 9508 7318 352 1513 5906 359 2133 8218 6872 1995 189 5137 5104 6233 5709 7455 5281 3723 5830 1848 4269 6710 7536 867 5049 4737 7799 4437 7357 3037 6188 194 804 1319 3199 6972 6660 7847 2249 7259 5016 306 2791 1831 7667 3919 2957 223 
