#  4q 0 &    Xy_,&Q 
33 45 
27 6 13 15 5 23 51 63 7 57 8 16 29 59 54 2 4 8 53 32 12 64 55 18 66 48 9 2 34 25 20 64 3 39 56 4 9 7 41 17 31 28 9 37 59 25 59 43 70 48 8 72 35 66 11 6 58 64 52 56 48 55 8 18 21 66 70 74 67 5 33 
1 68 58 69 26 45 7 28 63 72 24 64 71 9 70 74 64 63 3 76 58 9 3 34 35 16 3 68 47 18 49 4 23 56 60 25 51 34 31 78 61 72 60 7 60 9 2 2 45 68 6 60 4 37 78 77 30 23 25 45 80 63 78 48 19 22 64 39 51 63 7 43 21 38 16 36 10 23 27 44 17 26 73 55 26 49 60 67 8 24 47 47 77 29 65 35 25 35 20 
1 53 21 72 42 25 44 12 43 29 
1 4 23 21 28 61 18 64 17 76 2 4 53 28 23 2 52 52 41 55 55 77 72 55 10 74 20 79 68 53 71 79 69 47 74 59 48 18 37 77 39 8 58 47 77 22 65 68 49 42 72 47 53 65 69 17 44 66 67 22 5 48 15 10 41 46 44 58 62 14 27 71 8 24 65 69 53 
1 42 63 45 30 26 13 75 32 53 45 42 49 3 75 76 48 26 2 66 13 37 44 25 14 9 75 16 32 52 67 26 39 27 67 50 30 34 35 11 8 43 19 2 66 44 19 37 41 54 76 58 17 75 60 75 71 41 62 55 56 74 
1 11 34 25 
1 30 45 15 7 15 24 8 
1 76 26 19 62 42 44 68 36 11 74 64 53 50 69 38 52 79 32 21 45 13 46 71 63 69 42 60 53 63 76 27 13 33 21 76 2 30 22 6 50 35 34 54 51 38 72 38 5 67 2 30 19 52 12 19 70 28 64 
0 76 13 20 38 50 33 53 71 24 80 56 71 52 50 77 68 
0 11 66 56 5 45 78 
1 67 36 43 48 24 9 36 53 55 78 23 13 66 16 28 72 62 61 79 9 67 19 19 39 7 20 60 61 64 80 26 32 8 27 33 58 45 26 9 10 14 78 24 66 23 53 64 23 4 33 46 29 57 68 78 10 80 68 47 7 46 19 62 71 37 75 25 21 6 15 11 57 28 29 64 43 65 8 17 56 29 9 24 37 15 29 18 33 24 53 30 11 24 22 21 
0 13 63 34 29 65 25 10 70 2 25 15 47 10 73 57 59 23 41 79 61 14 24 46 21 77 17 33 45 64 5 34 29 78 21 63 24 13 78 15 71 35 52 45 34 78 53 23 44 65 41 35 31 51 78 46 17 68 28 36 2 56 48 21 78 
1 73 57 17 50 47 59 67 21 7 22 44 43 7 6 70 11 77 37 40 77 
0 76 33 71 67 5 74 34 10 73 51 14 76 62 25 58 34 22 17 51 49 7 56 20 33 14 66 24 13 52 70 59 64 63 38 2 66 49 50 39 71 45 46 73 72 54 30 35 43 10 70 13 75 66 9 61 36 33 73 12 16 13 58 42 12 72 80 24 16 73 8 7 80 38 47 57 50 61 17 28 21 41 78 8 45 30 32 61 19 25 26 2 25 46 39 79 80 44 56 35 57 38 62 31 20 71 52 75 
1 50 21 6 60 48 69 34 13 
0 60 41 66 18 47 7 51 48 60 58 39 26 28 14 77 69 80 27 48 63 29 70 
0 46 60 45 72 16 69 79 79 79 29 47 32 5 77 
1 69 61 7 
1 50 25 56 25 5 16 79 39 43 49 40 52 9 25 66 41 29 58 55 31 60 34 55 63 30 67 26 76 32 4 15 64 73 35 47 40 13 30 70 22 25 24 24 5 15 29 27 32 71 53 41 44 65 11 53 6 27 14 27 72 3 61 9 17 37 78 40 49 37 47 
0 66 7 25 15 78 14 40 45 73 52 11 52 2 78 27 57 38 74 46 59 3 56 22 28 65 28 60 23 66 29 47 44 50 44 32 58 4 14 14 23 72 5 76 20 12 64 5 21 63 41 6 67 14 41 60 61 5 61 42 39 60 2 62 58 14 66 79 33 48 6 75 53 48 55 69 52 68 48 39 78 8 41 11 22 
1 39 21 40 44 63 57 55 49 5 70 60 66 16 66 
0 15 15 19 61 39 69 55 44 18 46 2 75 41 57 79 5 14 2 74 10 12 19 58 35 75 29 50 54 36 49 42 47 4 7 23 75 11 7 19 32 26 26 46 74 48 29 21 48 17 77 26 34 56 23 42 20 13 56 44 3 50 44 24 12 66 55 32 16 38 71 6 21 20 36 25 27 72 10 60 58 26 45 22 41 57 
0 72 65 41 29 64 67 23 2 65 63 57 35 48 3 7 35 29 25 8 43 41 28 58 9 23 29 13 57 74 45 33 29 59 16 40 31 33 2 66 42 59 27 4 7 13 14 78 45 49 50 66 27 10 69 
1 38 
0 43 25 32 25 5 33 56 71 47 20 2 26 15 80 42 12 36 63 9 16 4 7 72 13 18 75 79 38 50 44 50 37 4 71 40 45 40 68 15 59 39 22 59 40 73 18 26 19 45 76 17 66 4 69 23 13 45 30 17 77 41 80 60 46 80 42 52 4 36 37 66 47 71 57 19 14 22 47 45 12 64 55 28 42 56 17 40 36 24 76 32 7 57 63 17 
1 15 57 12 47 49 26 65 27 28 36 7 28 77 23 39 3 75 35 34 45 68 78 32 39 41 8 45 42 78 46 22 15 65 
0 73 25 24 49 
1 26 38 71 17 78 43 31 56 57 30 5 23 66 54 39 58 40 2 5 11 18 70 10 27 69 18 71 60 37 16 47 57 17 64 54 53 19 17 13 12 50 23 78 55 38 23 67 31 
0 23 45 42 75 9 42 41 10 72 76 27 49 37 24 60 56 29 33 12 68 66 28 27 65 12 6 58 14 79 71 57 67 12 22 63 4 63 63 48 70 58 44 3 32 10 72 29 42 3 65 20 64 54 42 66 18 77 32 73 4 57 56 54 7 68 45 42 63 29 18 62 53 55 54 62 27 16 60 47 25 
0 44 29 54 14 74 45 6 77 44 44 72 59 25 3 68 8 63 6 45 62 11 74 54 64 60 67 50 76 55 79 16 78 55 18 41 19 28 11 
0 52 49 19 48 21 47 53 
1 45 71 4 77 14 6 41 13 43 53 21 52 53 73 68 33 37 63 34 23 49 74 52 11 61 27 40 18 59 45 31 4 3 31 45 63 77 67 24 69 72 45 47 14 68 72 74 
1 76 63 57 14 42 76 65 24 80 67 40 21 7 2 49 31 9 53 79 32 58 17 54 69 22 71 32 43 57 58 59 39 16 78 15 39 53 66 52 75 45 51 58 21 45 25 46 45 72 31 5 73 51 72 48 

14 6 
73 175 220 353 143 52 234 121 111 161 354 15 117 59 349 260 254 178 36 222 102 244 324 173 349 71 285 242 315 165 
0 307 252 133 355 135 198 267 149 349 193 335 16 388 214 59 197 159 170 141 68 326 20 184 141 79 392 318 352 37 52 185 132 236 69 56 330 366 290 392 288 152 222 222 33 263 3 
0 384 140 158 108 350 306 
3 2
2 1
3 1
11 2

3 5
0 12 23 12 12 12
09
78 47
1002
1009
10012
19
56 
75

2 3
2 3 4 5 6
3
14 6 
73 175 220 353 143 52 234 121 111 161 354 15 117 59 349 260 254 178 36 222 102 244 324 173 349 71 285 242 315 165 
0 307 252 133 355 135 198 267 149 349 193 335 16 388 214 59 197 159 170 141 68 326 20 184 141 79 392 318 352 37 52 185 132 236 69 56 330 366 290 392 288 152 222 222 33 263 3 
0 384 140 158 108 350 306 
# v 
20 19 
3 49 9 
1 42 29 25 44 5 2 7 38 48 6 20 35 10 11 48 45 49 42 21 15 26 
1 10 19 13 30 46 41 40 48 11 37 14 5 10 16 26 10 27 
0 
0 20 16 28 22 
1 47 
0 27 16 20 3 30 2 15 42 34 31 12 20 24 39 28 15 42 31 24 29 17 37 15 20 27 31 34 14 9 40 30 7 17 30 31 
0 8 24 14 47 8 2 36 9 49 13 16 47 31 40 40 28 34 32 
0 30 36 17 49 40 12 39 45 9 14 33 13 
1 14 42 45 2 14 
1 
0 45 
0 43 22 2 18 17 32 36 25 7 20 2 42 41 7 18 22 38 32 35 10 9 8 16 45 44 47 
0 12 7 26 16 16 36 4 5 42 46 3 23 36 32 10 34 41 7 33 19 7 20 22 25 21 20 35 8 21 45 3 25 7 8 28 37 11 13 29 49 34 22 5 25 45 50 50 20 43 31 
0 49 12 36 38 4 28 11 38 9 9 25 34 35 13 36 46 8 39 41 50 4 15 21 11 25 41 48 
1 2 27 17 16 25 45 15 7 25 36 44 15 22 42 
0 34 47 5 40 47 37 30 42 19 8 4 7 45 6 24 41 35 33 37 50 38 28 5 45 41 5 23 25 4 26 3 27 48 26 44 50 37 47 29 47 14 10 19 9 28 15 24 30 25 16 23 30 19 17 14 10 49 31 47 29 47 41 5 20 9 45 32 6 20 42 41 7 4 11 29 36 12 32 40 12 38 27 23 
0 42 23 29 25 41 18 12 46 42 
1 23 15 
0 39 15 4 36 10 27 14 10 24 42 49 48 2 36 9 48 10 42 9 3 30 45 42 33 3 39 22 21 47 33 25 7 14 
12 22 
60 8 20 23 37 50 9 48 2 60 50 
1 4 56 76 40 69 19 15 10 54 10 76 
1 54 
0 57 47 19 9 39 46 17 63 41 60 19 58 57 19 39 67 33 58 74 59 51 
1 50 42 30 69 31 37 42 16 75 48 46 14 67 29 56 24 8 8 3 7 46 63 42 40 68 24 74 47 54 75 64 48 32 15 7 73 57 50 70 65 54 35 28 61 3 11 18 47 46 55 71 66 16 60 15 6 56 16 66 23 36 67 74 67 74 69 36 17 48 19 43 34 54 60 73 34 19 54 4 49 20 76 60 55 43 62 67 3 25 10 73 56 17 52 10 51 71 37 45 60 2 21 54 45 2 13 26 46 55 28 7 44 73 57 76 76 34 48 66 42 48 18 21 
0 43 43 20 8 35 15 30 46 44 38 46 2 3 2 15 12 72 26 71 51 14 32 76 9 48 59 71 58 57 67 8 10 28 17 25 10 54 48 12 26 37 2 31 46 4 44 23 22 14 51 33 33 54 20 39 59 17 25 
1 31 71 4 13 38 52 55 14 32 61 55 27 3 71 58 62 22 55 37 65 72 5 33 46 62 58 9 62 62 18 9 55 25 
12 22 
60 8 20 23 37 50 9 48 2 60 50 
1 4 56 76 40 69 19 15 10 54 10 76 
1 54 
0 57 47 19 9 39 46 17 63 41 60 19 58 57 19 39 67 33 58 74 59 51 
1 50 42 30 69 31 37 42 16 75 48 46 14 67 29 56 24 8 8 3 7 46 63 42 40 68 24 74 47 54 75 64 48 32 15 7 73 57 50 70 65 54 35 28 61 3 11 18 47 46 55 71 66 16 60 15 6 56 16 66 23 36 67 74 67 74 69 36 17 48 19 43 34 54 60 73 34 19 54 4 49 20 76 60 55 43 62 67 3 25 10 73 56 17 52 10 51 71 37 45 60 2 21 54 45 2 13 26 46 55 28 7 44 73 57 76 76 34 48 66 42 48 18 21 
0 43 43 20 8 35 15 30 46 44 38 46 2 3 2 15 12 72 26 71 51 14 32 76 9 48 59 71 58 57 67 8 10 28 17 25 10 54 48 12 26 37 2 31 46 4 44 23 22 14 51 33 33 54 20 39 59 17 25 
1 31 71 4 13 38 52 55 14 32 61 55 27 3 71 58 62 22 55 37 65 72 5 33 46 62 58 9 62 62 18 9 55 25 
#   
16 8 
4 13 10 4 9 
0 9 14 
1 7 11 3 8 5 9 14 5 
0 
1 12 3 4 11 4 8 4 12 6 6 8 11 9 9 13 10 9 7 9 13 7 2 11 5 9 7 10 4 
1 9 9 5 
1 7 
1 12 13 
1 12 14 12 
0 5 8 8 4 10 4 12 10 7 5 
0 10 11 5 3 14 3 3 4 
0 2 2 9 6 
1 
0 4 
0 11 9 10 3 
0 4 3 9 11 2 10 9 6 12 2 
1 
1 8 13 8 10 9 3 5 12 14 13 11 4 7 3 4 14 6 
0 5 
0 11 5 
# 0 
0 17 

# k 
3 3 
5 3 17 8 
0 7 
1 17 
0 
#  nq @$!i   QTg#l     
1 10 
37 42 52 14 54 11 44 18 29 16 
#   
6 4 

0 
0 
0 
0 
0 
0 
0 
0 
0 
0 
0 
0 
0 
0 
0 
0 
0 
0 
0 
0 
2 
0 
0 
0 
# c 
2 4 
2 2 
1 
1 
0 4 4 4 
#  t% saP95kJO_BkYEuo65@1HsZ$  p%Udpmkk*)kKqfM NqCjwdaI@v    
2 7 

0 
1 
1 2 3 
1 3 2 3 2 2 3 
1 
0 
#  nq @$!i   QTg#l     
5 12 
2 2 2 4 4 
1 4 3 4 
1 
1 4 
1 3 3 2 3 2 
1 
1 
1 
0 2 3 
0 3 
1 
1 4 
0 2 3 4 
1 3 2 3 4 3 4 3 4 2 
1 4 3 2 4 3 
0 
0 4 4 
0 
1 
0 
0 2 3 2 
#   
6 4 

0 
0 
0 
0 
0 
0 
0 
0 
0 
0 
0 
0 
0 
0 
0 
0 
0 
0 
0 
0 
2 
0 
0 
0 
# c 
2 4 
2 2 
1 
1 
0 4 4 4 
#  t% saP95kJO_BkYEuo65@1HsZ$  p%Udpmkk*)kKqfM NqCjwdaI@v    
2 7 

0 
1 
1 2 3 
1 3 2 3 2 2 3 
1 
0 
#  nq @$!i   QTg#l     
5 12 
2 2 2 4 4 
1 4 3 4 
1 
1 4 
1 3 3 2 3 2 
1 
1 
1 
0 2 3 
0 3 
1 
1 4 
0 2 3 4 
1 3 2 3 4 3 4 3 4 2 
1 4 3 2 4 3 
0 
0 4 4 
0 
1 
0 
0 2 3 2 
3 2
22 0 1 0 1 0 1 0
4 4
2 1 0 0 00 0 0 0 
0
0
0
0
0
0
0
0
 2 3    
2 3 2 1 1 1
2 3
2 3 44 1 100 100
2 3
2 1 1 1 11 11
2 3
1 11 1 11 11 1
2 3
1 1 1 1  1
1
2 3
2 3 44
2 3 44
2 3
1 1 1
1 1 1
44 44

# 0 
0 17 



#dlghldlA
4 4
0 0 0 0  0 0 0 0 
0 0 0 0 0 0 0 0



2 2
-1 1 1 1

