 7
 1 3
 4 0.07
 7
 6
 5
 4 0.11
 3
 1 3
 5
 4 0.49
 2 1 0.03
 3
 4 0.62
 2 2 0.40
 5
 7
 6
 3
 3
 5
 4 0.21
 4 0.48
 2 2 0.62
 3
 2 2 0.23
 2 2 0.25
 1 3
 1 2
 5
 3
 7
 4 0.07
 4 0.72
 1 2
 2 2 0.49
 3
 2 1 0.73
 7
 4 0.49
 3
 7
 4 0.60
 3
 5
 7
 1 2
 7
 7
 2 2 0.72
 5
 1 2
 3
 2 2 0.09
 3
 5
 1 1
 2 1 0.02
 1 3
 1 2
 1 1
 1 1
 4 0.38
 4 0.09
 5
 2 1 0.27
 7
 3
 4 0.34
 2 2 0.26
 4 0.73
 3
 3
 6
 4 0.18
 4 0.57
 1 3
 6
 3
 5
 4 0.30
 6
 3
 1 3
 7
 3
 6
 4 0.98
 5
 4 0.32
 5
 3
 3
 1 2
 4 0.74
 3
 3
