 5
 1 1
 2 1 0.22
 5
 3
 4 0.80
 2 2 0.15
 4 0.21
 3
 3
 3
 5
 5
 1 3
 7
 2 2 0.57
 7
 3
 7
 2 2 0.65
 3
 5
 2 1 0.78
 3
 5
 1 3
 4 0.39
 5
 4 0.42
 5
 4 0.02
 2 2 0.17
 4 0.06
 7
 7
 7
 5
 3
 5
 5
 2 1 0.67
 5
 5
 7
 4 0.35
 1 3
 4 0.91
 2 1 0.71
 5
 3
 3
 1 2
 3
 7
 1 1
 1 2
 1 3
 1 3
 2 2 0.11
 1 1
 5
 3
 4 0.60
 1 2
 7
 7
 5
 3
 2 2 0.50
 3
 3
 5
 4 0.19
 2 1 0.42
 4 0.62
 3
 3
 7
 1 1
 5
 4 0.75
 3
 1 1
 4 0.48
 1 1
 1 2
 7
 5
 7
 5
 7
 3
 5
 1 3
 2 2 0.04
 1 1
 7
 3
 1 2
 7
 3
 1 1
 3
 5
 3
 1 2
 3
 2 1 0.08
 2 2 0.86
 3
 2 1 0.63
 3
 1 3
 1 3
 6
