 5
 3
 2 2 0.61
 1 3
 3
 3
 3
 1 2
 2 2 0.00
 1 1
 5
 3
 1 2
 3
 1 2
 7
 1 1
 4 0.45
 4 0.90
 4 0.11
 1 2
 3
 4 0.66
 4 0.08
 1 3
 7
 7
 4 0.13
 3
 1 3
 3
 3
 3
 5
 5
 7
 1 3
 4 0.61
 2 1 0.50
 2 1 0.19
 6
 7
 1 3
 2 2 0.76
 3
 7
 2 2 0.61
 5
 4 0.23
 4 0.15
 6
 5
 4 0.21
 4 0.72
 3
 3
 3
 1 2
 1 3
 1 1
 2 1 0.91
 6
 3
 5
 1 3
 5
 1 3
 4 0.16
 7
 4 0.15
 1 2
 7
 4 0.57
 4 0.94
 2 1 0.38
 2 1 0.50
 5
 3
 3
 4 0.85
 2 1 0.48
 5
 2 1 0.04
 4 0.26
 4 0.82
 2 1 0.97
 7
 1 2
 3
 6
 2 1 0.37
 5
 1 2
 5
 1 1
 3
 7
 3
 6
 7
 1 1
 1 1
 3
 6
 2 1 0.72
 2 1 0.55
 4 0.18
 3
 4 0.57
 4 0.67
 3
 5
 3
 1 1
 6
 2 2 0.97
 5
 5
 2 1 0.58
 7
 5
 7
 7
 5
 1 3
 5
