 7
 7
 1 1
 1 2
 3
 7
 3
 5
 7
 2 1 0.04
 5
 2 2 0.40
 5
 2 2 0.28
 5
 1 3
 6
 2 2 0.55
 4 0.68
 4 0.50
 2 1 0.65
 2 1 0.50
 1 3
 2 1 0.09
 2 2 0.81
 5
 6
 7
 1 1
 3
 3
 5
 4 0.00
 3
 4 0.90
 4 0.30
 6
 5
 1 3
 4 0.66
 1 3
 4 0.82
 5
 3
 1 2
 4 0.87
 3
 5
 5
 4 0.74
 2 2 0.29
 7
 2 1 0.36
 7
 4 0.74
 4 0.86
 1 3
 3
 2 1 0.58
 5
 2 2 0.36
 6
 2 1 0.25
 6
 2 1 0.96
 5
 1 1
 5
 7
 4 0.17
 3
 4 0.66
 5
 7
 6
 1 1
 1 2
 3
 5
 2 2 0.95
 5
 1 3
 7
 7
 1 1
 1 3
 1 2
 2 1 0.47
 5
 1 1
 4 0.44
 4 0.33
 7
 1 3
 2 2 0.75
 2 1 0.41
 3
 5
 4 0.89
 2 1 0.46
 2 1 0.89
 1 2
 1 1
 5
 7
 7
 1 2
 2 2 0.68
