5  
2  1 0.052482 
6  
1  1 
5  
4  0.422333 
4  0.583114 
5  
2  1 0.914958 
3  
3  
2  2 0.128710 
1  3 
1  3 
1  1 
6  
2  1 0.614113 
4  0.223637 
5  
1  3 
4  0.716537 
3  
4  0.175470 
4  0.840290 
5  
7  
4  0.719689 
4  0.128772 
7  
6  
1  3 
4  0.536263 
2  1 0.513526 
6  
5  
7  
7  
3  
4  0.931514 
4  0.384540 
6  
7  
6  
3  
5  
6  
7  
7  
1  1 
2  2 0.110931 
4  0.028215 
2  1 0.899657 
5  
5  
6  
4  0.258186 
7  
1  2 
3  
1  3 
2  2 0.629200 
4  0.112828 
1  2 
7  
1  2 
3  
7  
6  
3  
3  
2  1 0.966797 
4  0.816574 
1  2 
3  
5  
2  1 0.473989 
5  
3  
1  1 
