2  2 0.693157 
2  1 0.845095 
6  
3  
5  
5  
3  
1  3 
2  1 0.800906 
6  
4  0.528490 
1  1 
7  
7  
7  
2  1 0.033601 
6  
1  2 
6  
6  
2  1 0.707754 
2  2 0.470194 
4  0.224616 
7  
5  
1  1 
3  
5  
2  2 0.309872 
7  
4  0.225534 
6  
2  1 0.656252 
4  0.598323 
3  
1  2 
5  
1  3 
3  
4  0.360824 
3  
6  
2  2 0.912296 
7  
2  1 0.306934 
3  
3  
4  0.469796 
2  1 0.958749 
7  
5  
1  3 
1  1 
1  3 
4  0.853082 
3  
6  
3  
3  
6  
3  
4  0.570506 
7  
2  2 0.488616 
4  0.186333 
6  
7  
6  
2  2 0.102026 
4  0.139605 
3  
1  2 
6  
4  0.338362 
3  
1  1 
7  
5  
2  1 0.235816 
4  0.242242 
1  2 
2  2 0.517382 
7  
1  3 
6  
6  
6  
3  
6  
5  
7  
6  
7  
