1  3 
5  
3  
3  
1  1 
7  
7  
2  1 0.981914 
1  3 
2  1 0.239213 
3  
5  
5  
7  
7  
5  
4  0.265898 
3  
2  2 0.219597 
5  
1  3 
6  
3  
4  0.936961 
6  
4  0.367128 
4  0.671186 
5  
3  
1  2 
1  1 
7  
3  
3  
1  2 
5  
1  2 
1  1 
1  1 
4  0.177275 
2  2 0.380776 
6  
2  2 0.294755 
5  
2  1 0.591988 
1  3 
1  2 
5  
2  2 0.160567 
5  
2  2 0.439715 
7  
5  
2  1 0.093488 
2  2 0.428300 
7  
5  
3  
6  
3  
4  0.084032 
1  3 
5  
2  1 0.499266 
2  1 0.848155 
4  0.385183 
6  
1  1 
3  
4  0.899198 
5  
4  0.470439 
3  
7  
2  1 0.253932 
1  1 
4  0.332150 
2  2 0.583145 
5  
1  2 
6  
1  2 
5  
5  
7  
1  3 
6  
5  
4  0.572006 
3  
5  
4  0.446508 
6  
1  2 
4  0.215099 
7  
