5  
7  
7  
1  1 
6  
6  
5  
2  1 0.540853 
7  
6  
5  
3  
2  1 0.046514 
7  
3  
4  0.564049 
1  2 
5  
4  0.907797 
6  
4  0.127395 
5  
1  1 
6  
7  
5  
4  0.931361 
5  
6  
7  
2  2 0.824041 
7  
4  0.882337 
6  
2  2 0.647683 
5  
2  2 0.315717 
1  1 
5  
5  
5  
1  3 
4  0.862568 
5  
5  
6  
6  
6  
4  0.786768 
6  
4  0.510466 
6  
3  
4  0.922547 
5  
1  1 
7  
3  
7  
5  
6  
7  
6  
7  
2  2 0.558878 
3  
2  1 0.047586 
1  3 
4  0.365200 
6  
7  
5  
2  2 0.453669 
3  
5  
5  
6  
2  2 0.527235 
2  1 0.574882 
7  
3  
1  2 
2  2 0.270641 
7  
2  2 0.956056 
5  
4  0.482098 
1  2 
6  
7  
7  
