7  
5  
1  3 
4  0.863088 
4  0.934972 
3  
2  1 0.621029 
4  0.870280 
7  
1  1 
4  0.827499 
2  1 0.792001 
6  
5  
4  0.759930 
1  3 
3  
5  
4  0.100771 
7  
2  1 0.179570 
5  
1  1 
1  2 
5  
6  
5  
7  
4  0.656925 
3  
2  2 0.567691 
3  
5  
1  1 
1  3 
4  0.295122 
5  
5  
7  
4  0.369851 
5  
6  
3  
7  
1  1 
1  2 
1  1 
4  0.107259 
3  
5  
4  0.362262 
2  2 0.887876 
1  1 
5  
1  1 
6  
7  
2  1 0.578432 
3  
3  
6  
2  1 0.719781 
6  
6  
3  
3  
2  2 0.396995 
1  1 
2  2 0.251545 
4  0.323551 
1  3 
4  0.525583 
5  
2  2 0.393751 
5  
4  0.551013 
7  
2  2 0.793898 
4  0.908532 
3  
2  1 0.105820 
2  2 0.386866 
5  
5  
2  1 0.505814 
