2  1 0.437236 
3  
3  
6  
7  
7  
4  0.133484 
7  
3  
5  
4  0.994920 
3  
2  2 1.001346 
6  
6  
5  
7  
6  
5  
7  
2  1 0.949691 
6  
3  
1  2 
5  
6  
4  0.363517 
5  
3  
1  2 
1  2 
3  
7  
1  3 
4  0.662219 
6  
3  
4  0.355224 
2  2 0.904339 
2  2 0.133484 
3  
6  
3  
5  
3  
3  
2  1 0.482159 
4  0.856662 
1  3 
1  1 
7  
4  0.524879 
4  0.140951 
2  2 0.141257 
6  
4  0.648724 
4  0.346410 
4  0.815839 
4  0.578707 
3  
3  
7  
3  
4  0.638840 
7  
3  
5  
3  
5  
7  
5  
3  
5  
6  
4  0.372116 
3  
1  1 
1  1 
5  
3  
4  0.722443 
1  1 
1  2 
3  
2  1 0.721372 
