2  2 0.105025 
6  
2  2 0.825510 
7  
6  
1  2 
3  
2  1 0.155640 
3  
6  
5  
7  
7  
7  
6  
6  
7  
2  1 0.073536 
3  
2  2 0.507436 
1  2 
2  2 0.471449 
4  0.550768 
6  
4  0.622560 
5  
6  
7  
3  
7  
4  0.470714 
5  
3  
6  
3  
7  
4  0.561173 
4  0.140247 
6  
4  0.794020 
4  0.860273 
1  1 
7  
3  
2  1 0.929922 
2  2 0.936043 
3  
3  
7  
5  
6  
5  
3  
7  
3  
5  
5  
6  
1  2 
7  
2  2 0.680366 
5  
5  
6  
6  
6  
2  1 0.759716 
7  
2  1 0.880837 
3  
2  2 0.308250 
7  
7  
2  1 0.395128 
2  1 1.001316 
5  
6  
1  2 
3  
4  0.950701 
6  
2  2 0.913795 
7  
2  2 0.936287 
4  0.839005 
6  
3  
1  2 
5  
3  
3  
1  1 
2  2 0.015637 
2  1 0.728074 
5  
4  0.340566 
