7  
4  0.085838 
6  
7  
3  
5  
4  0.845431 
3  
5  
5  
6  
5  
3  
5  
6  
1  1 
5  
2  1 0.807424 
4  0.011323 
2  1 0.153865 
1  1 
4  0.277649 
5  
7  
1  2 
3  
6  
7  
4  0.630516 
2  2 0.710233 
5  
5  
1  1 
5  
7  
3  
2  1 0.547463 
4  0.624946 
6  
2  1 0.293959 
2  1 0.570751 
3  
5  
2  2 0.399504 
4  0.552298 
3  
5  
3  
4  0.640002 
6  
5  
2  1 0.943234 
3  
7  
6  
4  0.887753 
1  1 
6  
7  
4  0.328814 
5  
5  
6  
4  0.502265 
2  1 0.181253 
1  2 
1  1 
4  0.397179 
4  0.000275 
4  0.590948 
6  
4  0.625681 
1  2 
1  3 
6  
