4  0.432523 
2  2 0.689669 
1  1 
2  1 0.126262 
7  
4  0.646276 
2  2 0.522523 
1  1 
6  
7  
3  
4  0.018055 
5  
6  
3  
4  0.180672 
6  
2  2 0.219016 
2  2 0.851858 
7  
3  
4  0.061509 
5  
1  1 
1  1 
7  
3  
4  0.283249 
6  
7  
7  
5  
6  
2  2 0.179050 
3  
1  1 
1  1 
1  2 
7  
1  3 
2  1 0.731471 
2  1 0.014872 
2  1 0.741477 
6  
3  
1  3 
7  
4  0.189577 
6  
2  2 0.140125 
5  
6  
7  
4  0.232940 
4  0.595599 
3  
4  0.338576 
7  
1  2 
1  1 
7  
5  
5  
7  
3  
2  2 0.390385 
7  
1  1 
4  0.949722 
6  
6  
2  2 0.184436 
1  2 
5  
6  
6  
3  
2  1 0.413489 
4  0.318869 
3  
1  3 
3  
2  1 0.834659 
6  
1  1 
5  
1  1 
1  3 
4  0.869698 
7  
1  2 
5  
5  
6  
