6  
2  2 0.499694 
6  
5  
5  
4  0.462329 
6  
1  3 
1  1 
2  2 0.687129 
2  1 0.696309 
1  1 
4  0.730736 
1  2 
3  
3  
2  1 0.235265 
2  2 0.621366 
6  
5  
3  
4  0.758002 
6  
1  3 
5  
1  1 
7  
5  
4  0.039292 
7  
7  
5  
1  1 
6  
4  0.570690 
5  
7  
5  
1  3 
1  2 
2  1 0.781535 
2  2 0.782055 
5  
2  1 0.347634 
2  1 0.750811 
5  
4  0.660567 
3  
3  
6  
1  1 
3  
2  1 0.260512 
2  2 0.209009 
3  
2  1 0.791450 
2  1 0.652488 
6  
2  2 0.660414 
4  0.029225 
7  
6  
2  1 0.309229 
2  2 0.152947 
2  2 0.584552 
5  
2  1 0.420772 
5  
6  
2  1 0.696493 
4  0.001989 
5  
4  0.727401 
1  1 
7  
4  0.952108 
4  0.393659 
3  
2  2 0.422180 
6  
1  1 
3  
2  2 0.212651 
7  
6  
5  
2  1 0.212651 
3  
1  3 
3  
3  
7  
5  
5  
7  
3  
3  
7  
