7  
6  
6  
1  3 
4  0.363915 
6  
7  
4  0.150376 
7  
2  1 0.055603 
2  2 0.276547 
3  
4  0.382735 
3  
1  1 
2  2 0.591805 
4  0.804211 
2  1 0.078922 
1  1 
5  
2  1 0.685140 
4  0.307975 
5  
2  1 0.293072 
5  
3  
1  1 
3  
5  
2  1 0.485893 
5  
4  0.440602 
1  3 
7  
5  
7  
5  
3  
7  
3  
6  
4  0.256289 
1  3 
2  2 0.925944 
7  
2  1 0.771865 
2  1 0.655517 
4  0.692117 
6  
5  
1  3 
7  
7  
5  
4  0.468603 
2  2 0.475121 
3  
5  
3  
4  0.790348 
6  
2  1 0.628955 
5  
6  
4  0.247537 
3  
1  1 
6  
2  1 0.438124 
1  3 
6  
6  
7  
5  
6  
3  
2  2 0.996205 
5  
2  1 0.071853 
3  
3  
7  
7  
7  
6  
