4  0.805037 
6  
7  
7  
6  
2  1 0.147041 
5  
3  
3  
6  
7  
5  
1  1 
3  
3  
3  
1  1 
6  
4  0.328968 
3  
7  
4  0.550309 
6  
1  2 
2  2 0.859906 
4  0.195667 
3  
7  
7  
2  2 0.583236 
4  0.352867 
4  0.526654 
7  
1  3 
7  
1  3 
2  2 0.682263 
6  
1  1 
3  
7  
2  1 0.524543 
1  3 
6  
2  1 0.774986 
4  0.582012 
4  0.033539 
4  0.505753 
2  1 0.127976 
6  
7  
2  2 0.369484 
4  0.523624 
3  
6  
5  
6  
1  1 
2  1 0.662709 
6  
2  1 0.724585 
6  
4  0.532897 
6  
3  
3  
7  
1  1 
1  2 
2  2 0.205429 
4  0.624518 
7  
6  
2  1 0.204511 
5  
5  
1  3 
6  
7  
1  1 
4  0.388182 
7  
6  
2  2 0.214915 
