5  
4  0.575372 
4  0.808281 
1  3 
5  
5  
5  
1  1 
5  
5  
5  
7  
4  0.720424 
7  
7  
5  
1  3 
3  
3  
6  
2  2 0.644501 
3  
6  
4  0.294694 
1  1 
3  
5  
3  
3  
4  0.516555 
4  0.997674 
7  
4  0.037548 
7  
1  2 
4  0.067905 
7  
7  
3  
3  
3  
5  
4  0.729298 
4  0.988769 
4  0.301854 
2  1 0.909205 
7  
5  
3  
1  1 
7  
4  0.778138 
4  0.266234 
5  
7  
2  2 0.318532 
7  
7  
2  2 0.609431 
1  2 
6  
6  
5  
5  
5  
4  0.690648 
2  1 0.497766 
1  2 
6  
4  0.654263 
4  0.805680 
7  
2  1 0.446233 
5  
5  
4  0.786921 
1  3 
3  
2  2 0.801181 
2  2 0.791236 
4  0.308954 
1  1 
2  2 0.233766 
1  3 
7  
5  
1  2 
6  
1  2 
3  
7  
