7  
7  
2  1 0.734745 
6  
5  
1  2 
4  0.291358 
1  2 
6  
1  3 
3  
5  
3  
5  
4  0.998592 
1  1 
4  0.606004 
2  1 0.578860 
2  1 0.468450 
4  0.627731 
7  
6  
2  1 0.421354 
2  2 0.236061 
1  2 
6  
2  1 0.301151 
5  
5  
6  
6  
4  0.379001 
2  1 0.872514 
4  0.358467 
1  2 
1  1 
7  
2  1 0.168860 
1  1 
5  
2  2 0.418875 
3  
4  0.631709 
1  2 
4  0.442867 
1  2 
7  
2  1 0.803691 
2  1 0.172226 
7  
1  3 
6  
2  1 0.057103 
7  
2  1 0.205429 
3  
7  
4  0.706071 
2  2 0.809107 
1  3 
2  2 0.112033 
7  
4  0.634953 
2  2 0.921078 
6  
1  3 
5  
6  
2  2 0.521574 
3  
4  0.852164 
7  
7  
2  2 0.251454 
6  
2  2 0.352470 
5  
4  0.607259 
2  2 0.258247 
4  0.512883 
2  1 0.008079 
6  
4  0.106983 
