5  
2  2 0.878481 
6  
6  
7  
1  1 
6  
3  
4  0.466767 
6  
2  1 0.105545 
2  2 0.399382 
2  2 0.784167 
4  0.232787 
4  0.531917 
5  
5  
1  2 
6  
5  
2  2 0.774466 
4  0.763174 
4  0.601108 
7  
5  
5  
7  
5  
5  
3  
7  
1  2 
4  0.963370 
5  
3  
6  
5  
6  
5  
1  1 
1  2 
3  
7  
7  
6  
5  
4  0.882704 
4  0.715711 
6  
4  0.987637 
6  
4  0.221801 
5  
4  0.930963 
2  1 0.117480 
7  
7  
7  
7  
1  2 
1  1 
1  1 
2  1 0.832303 
5  
4  0.732297 
3  
4  0.744660 
2  1 0.830865 
7  
6  
6  
6  
2  1 0.252647 
7  
7  
5  
7  
7  
2  1 0.368811 
1  2 
2  1 0.826764 
2  2 0.443540 
6  
1  1 
2  1 0.081217 
3  
2  2 0.137554 
4  0.688384 
4  0.718587 
