6  
1  2 
3  
5  
2  1 0.855836 
7  
4  0.065120 
2  1 0.300294 
3  
7  
7  
7  
1  2 
7  
1  1 
2  2 0.999755 
3  
4  0.953577 
5  
6  
5  
3  
5  
4  0.776149 
5  
7  
4  1.001132 
1  1 
7  
5  
7  
2  2 0.377043 
6  
3  
1  1 
7  
2  1 0.403207 
2  2 0.821807 
4  0.829427 
2  2 0.443203 
2  2 0.861772 
7  
5  
1  1 
3  
3  
6  
6  
2  1 0.177673 
2  2 0.772171 
6  
6  
1  2 
3  
5  
7  
2  1 0.388732 
6  
6  
7  
4  0.841025 
4  0.115705 
6  
1  3 
6  
3  
5  
6  
1  1 
1  3 
4  0.919028 
2  2 0.774833 
3  
4  0.617327 
3  
2  2 0.092968 
7  
5  
2  2 0.453639 
4  0.432799 
5  
2  1 0.381327 
2  2 0.159802 
1  2 
1  3 
7  
1  1 
