7  
7  
1  1 
4  0.751454 
5  
7  
1  3 
1  1 
2  2 0.099027 
3  
7  
5  
6  
7  
3  
4  0.779852 
6  
1  1 
5  
5  
3  
1  3 
4  0.612124 
2  1 0.758767 
5  
7  
7  
2  2 0.582777 
6  
5  
2  1 0.891028 
6  
5  
1  2 
2  2 0.439011 
5  
2  2 0.286339 
5  
7  
2  1 0.978456 
3  
5  
6  
6  
3  
1  3 
5  
4  0.685813 
1  3 
2  2 0.196432 
3  
7  
7  
2  2 0.615644 
2  1 0.480507 
4  0.415448 
6  
1  3 
1  2 
3  
1  1 
7  
1  1 
4  0.169655 
1  2 
2  2 0.994155 
5  
2  1 0.229971 
4  0.742395 
2  2 0.546086 
2  2 0.414162 
3  
5  
4  0.626568 
1  2 
7  
5  
5  
6  
2  2 0.510068 
2  2 0.628221 
6  
6  
6  
