5  
3  
3  
5  
1  3 
7  
7  
5  
2  1 0.488494 
5  
4  0.190373 
5  
6  
2  2 0.934023 
7  
4  0.859722 
6  
5  
6  
1  1 
5  
5  
1  1 
4  0.839188 
4  0.196983 
7  
2  1 0.189149 
6  
4  0.306414 
5  
1  2 
4  0.850756 
2  1 0.012547 
5  
1  1 
6  
6  
3  
1  3 
2  1 0.454159 
7  
1  2 
2  2 0.978273 
3  
4  0.210264 
2  2 0.868841 
7  
5  
6  
5  
1  3 
4  0.464900 
7  
3  
3  
1  1 
6  
4  0.405594 
4  0.148357 
1  1 
2  2 0.615705 
5  
3  
3  
6  
1  3 
5  
4  0.631128 
5  
2  2 0.515087 
1  2 
1  2 
2  2 0.288237 
1  1 
4  0.819083 
4  0.255799 
6  
1  3 
2  1 0.929096 
3  
7  
5  
3  
2  2 0.773273 
5  
2  1 0.663443 
2  2 0.693586 
4  0.997001 
3  
2  1 0.412112 
6  
7  
5  
4  0.585501 
4  0.677275 
7  
2  2 0.661087 
