6  
2  1 0.235204 
2  2 0.941612 
3  
2  1 0.796224 
4  0.374901 
5  
4  0.318288 
5  
5  
3  
3  
3  
1  3 
6  
2  1 0.394363 
2  1 0.551472 
6  
5  
2  2 0.859845 
6  
6  
5  
1  1 
6  
6  
3  
3  
2  1 0.531305 
2  1 0.506885 
5  
3  
2  2 0.568180 
1  2 
7  
4  0.988035 
4  0.893996 
7  
5  
7  
1  1 
2  2 0.453761 
1  3 
6  
6  
6  
7  
6  
1  3 
7  
3  
1  1 
4  0.354183 
5  
5  
4  0.721066 
1  1 
7  
4  0.729084 
4  0.665616 
4  0.563376 
6  
2  1 0.477783 
6  
7  
7  
4  0.854030 
2  1 0.940816 
7  
6  
6  
2  1 0.606677 
4  0.253290 
3  
4  0.897913 
5  
3  
1  3 
1  1 
3  
5  
2  2 0.198268 
1  2 
4  0.493941 
1  3 
2  2 0.681590 
1  2 
3  
4  0.542261 
2  1 0.176051 
4  0.575892 
1  1 
2  1 0.262684 
7  
6  
7  
1  2 
6  
3  
