7  
6  
6  
1  1 
4  0.448834 
7  
6  
2  2 0.392221 
6  
4  0.504468 
1  1 
5  
3  
3  
6  
7  
6  
7  
5  
6  
7  
5  
1  3 
5  
5  
7  
5  
5  
7  
1  2 
1  1 
2  1 0.971755 
6  
1  2 
1  3 
6  
4  0.851582 
4  0.112002 
1  2 
4  0.727462 
7  
6  
4  0.696462 
3  
7  
7  
1  2 
3  
7  
6  
3  
5  
5  
3  
2  1 0.450181 
5  
2  2 0.946723 
3  
2  1 0.704419 
3  
7  
6  
3  
1  3 
3  
6  
3  
5  
2  1 0.031183 
3  
3  
5  
6  
1  2 
3  
4  0.455658 
6  
3  
5  
6  
1  3 
6  
5  
5  
3  
1  3 
3  
5  
1  2 
6  
