6  
3  
2  1 0.463829 
3  
1  3 
2  2 0.316635 
5  
3  
2  1 0.477018 
2  2 0.612155 
7  
4  0.881174 
4  0.553920 
2  1 0.581186 
5  
2  1 0.068670 
3  
5  
1  2 
5  
7  
6  
6  
1  2 
2  2 0.331446 
6  
3  
3  
4  0.729635 
7  
6  
1  2 
7  
7  
1  2 
1  1 
4  0.459453 
7  
4  0.050125 
3  
4  0.190954 
1  1 
3  
2  1 0.478150 
3  
1  1 
5  
4  0.905808 
5  
5  
2  1 0.060775 
4  0.217608 
6  
6  
4  0.201451 
5  
1  3 
2  2 0.373646 
5  
2  1 0.171951 
3  
2  2 0.261766 
2  2 0.521207 
1  3 
6  
6  
2  2 0.330345 
5  
2  1 0.449507 
2  2 0.074178 
7  
1  2 
7  
2  2 0.814462 
1  1 
4  0.209835 
7  
4  0.042414 
2  2 0.378083 
7  
4  0.116653 
4  0.341331 
2  1 0.128496 
7  
3  
2  1 0.339188 
5  
1  1 
1  1 
3  
5  
3  
5  
3  
