 5
 3
 4 0.51
 5
 1 3
 5
 3
 3
 1 1
 4 0.31
 1 1
 4 0.18
 5
 1 1
 5
 4 0.87
 7
 1 1
 6
 7
 3
 3
 2 1 0.37
 4 0.69
 1 2
 5
 1 1
 1 1
 2 2 0.46
 5
 4 0.61
 4 0.33
 4 0.90
 5
 3
 1 2
 7
 2 2 0.90
 2 2 0.11
 1 1
 1 1
 4 0.74
 3
 5
 4 0.00
 3
 7
 5
 1 3
 2 1 0.63
 3
 4 0.47
 1 3
 3
 5
 2 1 0.91
 4 0.08
 7
 3
 1 2
 7
 2 2 0.01
 7
 1 1
 2 1 0.21
 7
 2 1 0.54
 4 0.65
 7
 4 0.97
 4 0.63
 3
 7
 5
 1 3
 6
 3
 3
 5
 7
 5
 4 0.95
 7
 6
 2 1 0.12
 5
 3
 7
 2 2 0.62
 7
 3
 4 0.22
 6
 4 0.89
 3
 5
 5
 2 2 0.61
 3
 2 1 0.69
 1 1
 5
 7
 3
 1 3
 7
 2 2 0.85
 4 0.14
 5
 5
