 1 3
 2 1 0.77
 1 3
 4 0.61
 7
 2 1 0.94
 7
 7
 6
 2 2 0.44
 6
 3
 5
 5
 1 1
 4 0.30
 1 2
 7
 2 2 0.54
 5
 1 3
 7
 2 1 0.41
 4 0.48
 3
 3
 1 3
 7
 2 1 0.07
 2 1 0.52
 7
 2 1 0.30
 1 3
 1 1
 6
 2 2 0.16
 5
 4 0.62
 3
 2 2 0.45
 1 2
 1 3
 2 1 0.70
 1 2
 4 0.13
 1 2
 3
 4 0.24
 4 0.50
 6
 5
 7
 2 1 0.86
 1 2
 5
 7
 3
 3
 3
 7
 1 1
 4 0.91
 1 1
 7
 7
 3
 2 1 0.12
 4 0.84
 3
 2 1 0.09
 2 1 0.74
 4 0.56
 4 0.88
 5
 1 1
 3
 3
 3
 2 1 0.20
 7
 3
 2 2 0.13
 1 3
 2 1 0.39
 3
 1 1
 1 1
 2 1 0.29
 5
 5
 1 2
 5
