 1 1
 3
 2 1 0.66
 1 1
 5
 3
 7
 1 2
 4 0.29
 3
 4 0.33
 4 0.74
 1 3
 7
 2 2 0.62
 1 2
 1 1
 2 2 0.54
 3
 4 0.37
 5
 7
 6
 2 1 0.18
 3
 2 2 0.81
 2 1 0.31
 5
 5
 4 0.24
 5
 1 2
 1 3
 1 3
 4 0.85
 4 0.12
 5
 5
 6
 1 1
 4 0.98
 3
 3
 1 1
 1 2
 5
 4 0.25
 5
 3
 7
 3
 2 2 0.77
 5
 2 2 0.77
 4 0.85
 5
 2 1 0.54
 4 0.19
 1 2
 7
 2 2 0.71
 2 2 0.17
 7
 7
 7
 2 2 0.10
 5
 5
 3
 3
 3
 5
 3
 5
 7
 2 2 0.75
 2 1 0.73
 2 1 0.06
 2 1 0.81
 3
 5
 4 0.78
 3
 1 2
 4 0.26
 3
 7
 1 2
 7
 2 1 0.39
 5
 7
 3
 5
 3
 3
 5
 5
 3
 5
 4 0.01
 5
 3
 2 2 0.13
 3
 6
 4 0.17
 2 2 0.52
 2 1 0.05
 7
 3
 7
 7
