 
6
4 0.301024
3
6
1 2
 
6
2 2 0.395573
1 3
4 0.841666
5
5
6
6
5
3
6
2 1 0.150591
4 0.29853
7
4 0.090177
4 0.268446
5
7
5
7
 
6
3
1 3
7
3
2 2 0.983119
2 3 0.062116
7
6
2 3 0.304152
6
4 0.216044
3
7
3
2 2 0.733464
 
1 3
6
7
6
6
5
6
3
4 0.683983
5
6
2 1 0.319133
4 0.481672
7
1 2
1 1
7
2 3 0.61941
4 0.616432
6
1 1
 
4 0.552833
2 2 0.612392
4 0.661386
2 2 0.05976
2 3 0.123145
5
2 3 0.162545
7
1 2
4 0.429138
7
3
3
5
5
6
 
5
4 0.155842
6
1 1
2 3 0.675351
7
3
5
6
5
2 2 0.576532
5
6
4 0.199662
5
2 3 0.19864
2 1 0.638493
3
3
7
6
2 2 0.814862
4 0.783864
2 1 0.199568
 
1 1
5
6
4 0.258256
4 0.883277
6
3
