1 1
5
5
1 1
4 0.822965
5
6
2 8 0.699536 changed & a long line
3
6
6
2 1 0.491329
7
7
2 3 0.58386
1 1
2 1 0.512699
4 0.315223
3
5
4 0.218721
5
5
4 0.186775
7
2 3 0.890584
3
6
3
5
2 2 0.983367
 
6
3
5
 
5
4 0.586054
7
2 3 0.465601
4 0.279521
 
7
1 2
5
2 3 0.235954
1 2
7
4 0.260157
1 2
2 2 0.002168
2 2 0.719579
7
3
3
6
1 2
6
 
2 1 0.622889
5
2 1 0.87479
6
4 0.421049
1 3
4 0.189053
 
1 3
2 3 0.541153
4 0.125315
3
 
3
4 0.783013
1 2
2 3 0.969367
3
1 3
6
7
2 2 0.659584
7
1 1
4 0.715105
7
6
3
5
2 2 0.143365
2 2 0.309143
3
6
1 1
2 3 0.703401
7
3
 
2 3 0.096155
7
7
4 0.220215
7
2 2 0.163814
4 0.879214
7
 
5
3
1 2
4 0.468474
7
6
1 2
2 2 0.379944
 
4 0.237926
2 3 0.438756
6
5
 
1 1
7
6
6
5
7
7
1 5 changed
1 2
3
5
3
4 0.09799
 
3
6
3
 
2 2 0.562547
7
4 0.31248
6
1 2
2 2 0.090317
5
2 2 0.813014
4 0.26661
 
 
2 1 0.437107
2 1 0.796344
4 0.619448
 
6
2 2 0.060949
3
7
1 2
 
2 2 0.353908
1 2
7
7
6
6
 
3
5
6
7
2 3 0.089714
4 0.95228
7
 
7
1 1
4 0.895128
6
3
3
6
 
3
7
6
1 2
2 2 0.695487
1 2
 
2 3 0.061882
2 3 0.871404
