7  
7  
7  
2  1 0.746313 
3  
6  
7  
7  
4  0.932279 
1  3 
2  2 0.645756 
7  
7  
1  1 
7  
3  
4  0.201481 
5  
5  
7  
1  2 
5  
5  
4  0.606494 
3  
4  0.637340 
7  
7  
1  1 
3  
3  
2  1 0.475947 
7  
3  
7  
7  
2  1 0.790868 
3  
5  
1  3 
7  
2  1 0.315778 
7  
7  
5  
4  0.755462 
5  
2  1 0.076504 
4  0.644991 
4  0.022523 
3  
7  
1  3 
5  
3  
7  
2  1 0.535314 
4  0.739060 
1  1 
3  
4  0.689822 
4  0.285697 
5  
2  2 0.235786 
4  0.968144 
1  1 
5  
7  
3  
4  0.266387 
5  
4  0.722107 
1  2 
7  
4  0.733062 
5  
6  
5  
5  
6  
3  
2  2 0.040088 
7  
5  
1  3 
5  
2  2 0.626507 
1  3 
6  
