4  0.547494 
7  
6  
2  1 0.864435 
3  
3  
4  0.926495 
4  0.191995 
4  0.436563 
2  2 0.313177 
3  
2  1 0.768529 
6  
6  
7  
2  2 0.465206 
6  
3  
4  0.164361 
2  1 0.354673 
2  2 0.109370 
3  
2  1 0.249985 
1  3 
1  2 
2  1 0.877808 
4  0.936930 
7  
5  
1  1 
5  
1  1 
6  
6  
5  
1  2 
7  
4  0.171032 
4  0.853632 
2  1 0.994094 
2  2 0.613654 
6  
2  1 0.112063 
2  2 0.502724 
7  
6  
5  
7  
1  2 
1  3 
3  
1  2 
7  
5  
3  
4  0.260359 
5  
5  
2  2 0.325601 
1  3 
6  
4  0.405625 
4  0.546943 
5  
7  
3  
7  
1  1 
4  0.750536 
7  
2  1 0.376798 
