3  
2  1 0.286615 
6  
1  2 
6  
2  1 0.706836 
4  0.890722 
6  
2  1 0.247506 
1  2 
1  3 
4  0.204939 
6  
4  0.845768 
7  
7  
1  1 
3  
2  2 0.512179 
6  
2  2 0.155762 
7  
1  3 
4  0.211947 
3  
4  0.120509 
7  
3  
2  1 0.481517 
4  0.513618 
2  1 0.911010 
6  
6  
2  1 0.951343 
6  
4  0.703715 
5  
2  1 0.292001 
4  0.908899 
4  0.005906 
7  
6  
4  0.359998 
2  1 0.720852 
4  0.402075 
1  3 
2  2 0.614236 
4  0.259410 
4  0.115246 
2  1 0.501714 
5  
3  
5  
4  0.567171 
3  
7  
6  
4  0.097772 
7  
5  
2  1 0.648173 
5  
7  
2  2 0.818410 
4  0.504070 
5  
5  
6  
3  
7  
5  
1  2 
1  1 
5  
5  
3  
7  
