3  
7  
3  
6  
4  0.744568 
3  
5  
1  1 
7  
3  
3  
3  
5  
3  
2  1 0.155946 
5  
2  2 0.713049 
7  
3  
1  3 
7  
6  
5  
7  
6  
2  1 0.286401 
4  0.118275 
3  
2  2 0.715558 
4  0.311035 
3  
6  
1  1 
4  0.182447 
2  2 0.821776 
2  1 0.188047 
1  2 
3  
2  1 0.993665 
5  
3  
3  
7  
1  3 
7  
6  
2  2 0.019677 
5  
3  
7  
6  
4  0.659832 
5  
6  
1  1 
6  
7  
3  
5  
3  
3  
1  2 
4  0.584369 
6  
4  0.663107 
3  
6  
5  
7  
4  0.281933 
2  2 0.293317 
5  
5  
5  
1  1 
1  2 
1  3 
5  
4  0.841728 
2  2 0.854826 
3  
5  
