5  
3  
1  3 
6  
1  3 
4  0.790562 
7  
4  0.761124 
2  2 0.654967 
1  1 
5  
6  
7  
1  1 
7  
1  3 
1  1 
5  
6  
7  
6  
5  
7  
7  
1  1 
6  
5  
5  
2  1 0.234286 
1  3 
1  2 
5  
4  0.426189 
1  3 
2  1 0.910460 
1  1 
2  2 0.952231 
5  
6  
4  0.273273 
5  
5  
1  3 
1  2 
3  
7  
3  
1  3 
1  3 
1  3 
6  
2  1 0.681162 
2  2 0.438766 
5  
6  
4  0.996848 
6  
5  
3  
3  
7  
4  0.590214 
1  3 
3  
4  0.585746 
1  2 
1  1 
6  
6  
6  
6  
2  2 0.147653 
3  
7  
2  1 0.819787 
3  
1  2 
7  
7  
4  0.231532 
