7  
6  
5  
1  3 
5  
4  0.289644 
4  0.243405 
4  0.020656 
6  
4  0.525797 
2  1 0.686823 
7  
6  
1  2 
7  
4  0.000306 
5  
6  
2  2 0.096395 
2  1 0.245609 
5  
6  
4  0.267978 
3  
4  0.575678 
6  
7  
6  
6  
6  
6  
2  2 0.690648 
2  1 0.497766 
5  
4  0.563162 
1  1 
4  0.620509 
6  
5  
2  1 0.775200 
1  2 
7  
6  
4  0.259288 
7  
6  
3  
1  3 
1  1 
7  
5  
7  
2  2 0.725809 
3  
6  
6  
3  
6  
5  
4  0.496756 
5  
4  0.109860 
1  1 
3  
5  
2  2 0.378236 
1  1 
3  
5  
3  
6  
2  2 0.799927 
4  0.825724 
1  3 
4  0.691719 
7  
4  0.531581 
1  1 
5  
