5  
4  0.721617 
3  
7  
4  0.542016 
5  
6  
6  
4  0.699278 
3  
3  
5  
4  0.364833 
7  
1  1 
4  0.672807 
1  3 
4  0.353173 
5  
2  1 0.501469 
4  0.813973 
3  
6  
5  
5  
4  0.800630 
7  
7  
4  0.752280 
3  
4  0.703746 
7  
5  
2  1 0.618000 
2  1 0.848185 
5  
4  0.660200 
4  0.252188 
6  
1  1 
6  
4  0.771957 
6  
4  0.761950 
6  
2  2 0.012394 
1  3 
2  1 1.000245 
4  0.978977 
5  
1  2 
3  
2  1 0.925485 
5  
2  1 0.358529 
5  
1  3 
5  
6  
3  
6  
3  
5  
3  
4  0.726911 
3  
1  3 
4  0.594651 
