7  
2  2 0.203562 
7  
4  0.980446 
3  
1  2 
3  
1  2 
6  
5  
2  1 0.020748 
1  1 
2  1 0.015852 
3  
4  0.179968 
1  3 
4  0.049758 
1  1 
5  
2  2 0.472244 
3  
3  
2  2 0.281198 
6  
2  2 0.522003 
2  1 0.750566 
1  2 
4  0.243008 
4  0.364894 
7  
2  2 0.566926 
1  3 
3  
2  2 0.506610 
6  
6  
6  
7  
6  
4  0.099761 
3  
1  2 
1  3 
1  3 
1  1 
5  
5  
2  1 0.880103 
2  2 0.107810 
5  
2  2 0.083083 
3  
4  0.338485 
3  
6  
3  
5  
3  
3  
5  
5  
7  
6  
5  
7  
1  3 
5  
1  3 
4  0.352776 
6  
4  0.594039 
2  1 0.769325 
1  2 
7  
6  
3  
4  0.405747 
7  
2  1 0.245792 
4  0.964992 
3  
3  
6  
6  
3  
7  
4  0.532285 
