5  
7  
1  2 
1  2 
3  
5  
7  
3  
7  
3  
4  0.846288 
6  
2  1 0.620081 
5  
3  
3  
1  2 
5  
5  
2  1 0.271957 
5  
3  
5  
7  
7  
7  
6  
1  2 
6  
3  
7  
6  
4  0.991064 
6  
7  
5  
2  2 0.101567 
3  
7  
2  1 0.052910 
5  
2  2 0.971724 
6  
7  
7  
4  0.931238 
6  
3  
3  
1  2 
3  
2  2 0.939592 
2  2 0.562091 
7  
4  0.632444 
2  1 0.592998 
6  
5  
7  
2  2 0.525032 
6  
2  1 0.607014 
6  
7  
7  
1  1 
6  
5  
4  0.560836 
3  
5  
2  2 0.599761 
6  
4  0.938766 
1  3 
7  
3  
6  
7  
3  
7  
5  
5  
4  0.012394 
4  0.275659 
6  
5  
1  3 
3  
5  
7  
6  
2  1 0.564049 
2  2 0.932493 
2  1 0.109309 
1  1 
3  
1  2 
5  
