7  
6  
6  
4  0.250719 
6  
4  0.863272 
5  
4  0.396475 
2  1 0.458933 
3  
6  
7  
4  0.242549 
3  
7  
7  
1  3 
3  
5  
3  
6  
2  1 0.746221 
2  2 0.528337 
2  2 0.348124 
1  2 
2  2 0.706500 
2  2 0.552818 
2  2 0.639605 
1  2 
2  2 0.685874 
2  1 0.419579 
2  1 0.567232 
1  1 
5  
4  0.256656 
3  
7  
1  2 
3  
4  0.554563 
6  
7  
4  0.164117 
7  
7  
5  
7  
5  
1  2 
1  2 
4  0.168646 
7  
3  
1  2 
6  
6  
4  0.352806 
4  0.137707 
5  
6  
4  0.381204 
2  1 0.352867 
3  
5  
1  2 
6  
6  
7  
1  1 
4  0.672501 
5  
1  1 
2  2 0.802773 
4  0.645878 
