3  
5  
1  1 
2  2 0.895495 
2  2 0.932034 
2  1 0.866393 
4  0.293929 
2  1 0.939868 
1  3 
7  
6  
7  
7  
6  
4  0.263755 
7  
6  
2  1 0.384509 
5  
6  
5  
1  2 
1  1 
7  
7  
6  
7  
5  
6  
7  
5  
5  
1  1 
1  2 
6  
3  
3  
2  2 0.159832 
1  1 
5  
2  1 0.594192 
4  0.343870 
5  
4  0.208489 
6  
3  
4  0.969337 
3  
3  
4  0.605484 
7  
7  
3  
2  1 0.892772 
1  2 
1  3 
2  1 0.732328 
3  
7  
6  
1  3 
5  
6  
5  
3  
1  1 
6  
5  
2  2 0.567446 
5  
2  1 0.596915 
5  
2  2 0.886407 
3  
7  
3  
3  
4  0.098537 
2  1 0.831599 
7  
6  
1  3 
5  
