7  
2  2 0.093274 
2  2 0.058602 
4  0.684436 
5  
6  
7  
2  1 0.700441 
3  
3  
6  
7  
1  1 
4  0.078187 
3  
5  
1  3 
7  
1  2 
6  
4  0.083053 
2  1 0.354489 
6  
7  
5  
4  0.415509 
1  3 
7  
5  
4  0.290165 
3  
5  
6  
3  
7  
1  1 
5  
5  
4  0.297142 
7  
1  2 
2  2 0.559245 
7  
1  3 
1  1 
2  2 0.400208 
1  1 
1  2 
1  2 
5  
6  
5  
1  1 
1  1 
7  
2  1 0.423435 
2  1 0.307332 
6  
6  
3  
7  
6  
1  3 
2  1 0.470041 
4  0.987515 
2  1 0.584307 
4  0.105820 
2  2 0.015546 
5  
5  
1  2 
3  
3  
2  2 0.234684 
5  
2  1 0.839953 
3  
6  
5  
6  
2  2 0.078830 
6  
7  
3  
3  
