2  1 0.975764 
3  
2  1 0.168768 
6  
6  
6  
5  
1  1 
1  2 
7  
3  
6  
7  
4  0.075984 
6  
3  
1  3 
4  0.772752 
4  0.456087 
7  
1  1 
7  
6  
5  
4  0.481486 
6  
5  
1  2 
1  3 
4  0.147377 
4  0.836955 
2  2 0.234408 
4  0.675194 
5  
2  1 0.143093 
3  
4  0.663351 
1  2 
3  
7  
6  
4  0.609646 
6  
3  
5  
7  
4  0.573872 
4  0.797234 
4  0.940847 
7  
7  
7  
4  0.472948 
4  0.326825 
2  1 0.316421 
2  2 0.605606 
1  1 
7  
2  2 0.536814 
5  
3  
4  0.639299 
7  
7  
2  2 0.849991 
6  
1  3 
6  
1  3 
1  2 
1  2 
7  
1  3 
4  0.613563 
3  
3  
3  
6  
