7  
7  
3  
2  2 0.161271 
3  
1  1 
3  
3  
3  
5  
6  
7  
3  
6  
5  
5  
2  1 0.413581 
7  
4  0.020748 
5  
1  1 
7  
6  
3  
5  
5  
6  
5  
3  
4  0.467501 
4  0.079931 
6  
1  2 
1  1 
5  
5  
1  3 
6  
7  
1  1 
6  
2  1 0.056399 
6  
5  
1  3 
4  0.773946 
3  
1  3 
5  
6  
7  
3  
1  2 
1  3 
5  
2  2 0.096212 
4  0.417039 
6  
5  
6  
6  
6  
1  3 
5  
1  2 
2  2 0.220577 
4  0.496726 
2  1 0.747108 
1  2 
4  0.193494 
5  
7  
1  2 
4  0.876216 
4  0.757605 
1  1 
5  
3  
3  
2  2 0.110258 
4  0.409389 
5  
3  
7  
4  0.482802 
2  2 0.932676 
2  2 0.086052 
5  
3  
2  2 0.732113 
4  0.590275 
7  
2  1 0.739060 
2  2 0.251117 
1  2 
2  2 0.904890 
