7  
2  2 0.660383 
6  
6  
6  
5  
5  
5  
3  
2  2 0.076320 
1  1 
7  
3  
5  
6  
7  
3  
1  1 
1  3 
6  
5  
2  2 0.348522 
2  2 0.796530 
7  
4  0.086297 
1  3 
4  0.726024 
3  
4  0.237224 
6  
6  
6  
7  
7  
1  1 
5  
7  
2  1 0.324530 
2  2 0.364496 
4  0.355744 
7  
2  1 0.519401 
1  3 
4  0.348002 
5  
4  0.302069 
1  3 
3  
7  
2  1 0.129322 
3  
7  
7  
6  
6  
4  0.481364 
5  
6  
5  
6  
5  
4  0.175745 
3  
7  
1  3 
1  2 
2  2 0.493482 
4  0.866975 
2  2 0.105270 
5  
1  1 
1  1 
7  
6  
5  
4  0.503917 
4  0.186762 
6  
1  3 
6  
2  2 0.856295 
6  
5  
6  
6  
4  0.810943 
6  
3  
1  2 
5  
6  
1  3 
