4  0.747996 
3  
7  
6  
3  
5  
1  1 
3  
6  
5  
1  3 
3  
5  
3  
7  
4  0.015882 
5  
7  
7  
3  
1  3 
5  
5  
7  
3  
2  1 0.505814 
5  
7  
6  
7  
2  1 0.178377 
4  0.844880 
4  0.499388 
2  1 0.028460 
3  
3  
3  
2  1 0.438338 
7  
3  
1  1 
6  
5  
6  
4  0.441673 
6  
6  
3  
2  2 0.335424 
6  
7  
1  3 
7  
5  
7  
2  1 0.288971 
4  0.416060 
2  2 0.001622 
4  0.986321 
4  0.926036 
1  1 
4  0.062672 
3  
1  3 
2  2 0.792246 
5  
2  2 0.640614 
5  
5  
1  2 
7  
1  1 
7  
6  
4  0.583022 
6  
2  1 0.470806 
4  0.595661 
5  
4  0.198758 
2  2 0.680764 
2  2 0.584001 
7  
7  
1  1 
4  0.958259 
6  
3  
