2  2 0.033478 
4  0.571302 
1  3 
1  2 
7  
5  
3  
5  
7  
5  
2  1 0.200563 
7  
3  
3  
7  
1  1 
4  0.954159 
2  1 0.498592 
4  0.255095 
3  
3  
1  3 
5  
3  
3  
6  
3  
3  
6  
4  0.251148 
7  
4  0.426832 
5  
3  
6  
4  0.865261 
6  
1  1 
5  
5  
7  
5  
7  
6  
3  
3  
2  1 0.194320 
4  0.969827 
4  0.179417 
7  
3  
2  1 0.484363 
5  
4  0.723300 
3  
3  
3  
7  
3  
5  
1  3 
5  
7  
5  
1  2 
5  
3  
3  
6  
3  
6  
1  1 
6  
5  
7  
7  
1  1 
1  3 
2  1 0.004223 
7  
5  
3  
2  1 0.631648 
1  2 
2  1 0.373248 
5  
7  
6  
