6  
2  2 0.451190 
6  
3  
4  0.858559 
6  
6  
1  3 
2  2 0.069894 
4  0.343564 
5  
2  1 0.771314 
7  
6  
2  2 0.964594 
7  
2  1 0.370157 
4  0.633025 
2  1 0.076932 
1  1 
1  3 
7  
1  3 
3  
1  2 
5  
5  
6  
2  2 0.052635 
1  3 
5  
2  1 0.440082 
4  0.299131 
3  
7  
4  0.791450 
7  
3  
2  1 0.960891 
3  
1  2 
6  
1  2 
5  
5  
2  2 0.858406 
4  0.056582 
6  
1  3 
2  2 0.833650 
1  1 
2  2 0.861099 
3  
4  0.831293 
5  
1  2 
3  
2  2 0.771314 
1  3 
2  1 0.075708 
4  0.575586 
3  
4  0.968542 
1  1 
3  
3  
7  
4  0.546759 
5  
7  
7  
1  2 
7  
2  1 0.410582 
6  
2  2 0.425271 
7  
5  
4  0.476161 
3  
7  
1  1 
2  2 0.760848 
4  0.203011 
5  
3  
1  1 
5  
3  
4  0.038619 
6  
5  
2  1 0.359539 
5  
6  
3  
6  
1  3 
