6  
4  0.029469 
1  3 
1  3 
6  
2  2 0.458198 
3  
3  
7  
7  
1  2 
7  
7  
1  1 
3  
3  
6  
3  
7  
1  3 
1  1 
2  1 0.158884 
7  
3  
4  0.199951 
2  1 0.051166 
3  
6  
4  0.523410 
6  
1  1 
2  2 0.155762 
6  
6  
3  
3  
1  3 
3  
5  
5  
5  
2  2 0.148265 
1  1 
3  
4  0.730002 
7  
5  
1  2 
4  0.633362 
1  1 
1  3 
3  
7  
3  
6  
5  
6  
2  1 0.172746 
3  
5  
4  0.080207 
7  
6  
7  
1  3 
2  2 0.000398 
6  
1  2 
1  1 
5  
3  
1  3 
7  
5  
5  
4  0.672654 
4  0.089693 
7  
2  2 0.602301 
4  0.540394 
2  2 0.546729 
2  2 0.623080 
5  
1  2 
