1  3 
6  
6  
6  
4  0.224218 
5  
1  3 
3  
3  
2  2 0.484393 
1  2 
4  0.667850 
3  
6  
2  1 0.009548 
2  1 0.045199 
6  
3  
2  1 0.418814 
5  
4  0.702705 
1  2 
2  2 0.307332 
3  
7  
7  
3  
4  0.973346 
2  1 0.636544 
6  
2  2 0.748791 
7  
1  2 
6  
5  
1  1 
2  2 0.343381 
2  1 0.155395 
5  
4  0.403146 
5  
6  
3  
1  3 
1  1 
3  
2  2 0.318318 
7  
3  
7  
4  0.011384 
3  
6  
3  
5  
4  0.104076 
5  
5  
7  
5  
5  
6  
5  
5  
2  2 0.760634 
7  
3  
2  1 0.367556 
2  1 0.425332 
5  
5  
6  
2  1 0.667330 
7  
1  1 
5  
7  
7  
4  0.682294 
7  
1  1 
7  
5  
3  
4  0.317400 
1  2 
6  
7  
2  1 0.507008 
5  
2  1 0.925577 
4  0.889742 
1  1 
5  
5  
5  
4  0.165065 
3  
