7  
6  
5  
2  2 0.612033 
5  
3  
1  1 
2  2 0.110717 
4  0.335241 
1  2 
7  
1  2 
1  3 
1  3 
3  
5  
4  0.155364 
6  
2  1 0.873248 
4  0.792001 
1  3 
6  
6  
2  2 0.671583 
5  
3  
2  1 0.479068 
3  
2  1 0.179662 
4  0.728013 
1  1 
2  1 0.100710 
3  
1  2 
6  
5  
6  
4  0.797203 
7  
3  
4  0.860151 
1  1 
5  
1  1 
2  2 0.422149 
2  1 0.786584 
3  
2  2 0.543822 
1  1 
5  
1  2 
5  
6  
4  0.684038 
6  
4  0.774894 
1  3 
6  
5  
7  
2  1 0.296958 
6  
6  
2  2 0.255462 
5  
6  
1  1 
4  0.416733 
2  1 0.309168 
5  
2  2 0.123569 
3  
2  2 0.963462 
1  2 
5  
3  
2  2 0.874319 
2  1 0.425730 
2  1 0.269264 
1  1 
2  1 0.022400 
2  1 0.616776 
3  
7  
4  0.637554 
1  2 
5  
2  1 0.391334 
1  3 
2  2 0.481792 
5  
5  
2  2 0.905104 
