 3
 4 0.93
 2 3 2.87
 3
 5
 7
 4 0.86
 2 5 1.59
 2 4 0.52
 5
 7
 4 3.86
 3
 1 1
 3
 3
 5
 2 5 1.75
 4 0.80
 7
 2 6 1.63
 4 0.71
 2 1 2.03
 3
 7
 5
 3
 4 3.84
 3
 5
 1 3
 7
 2 3 1.22
 5
 2 6 3.71
 1 2
 5
 4 2.25
 3
 1 5
 1 4
 2 5 0.37
 2 4 3.43
 7
 1 3
 1 3
 4 2.15
 3
 7
 3
 1 1
 3
 5
 7
 2 2 2.17
 5
 5
 4 2.82
 1 3
 1 3
 1 2
 2 4 0.44
 7
 1 3
 7
 5
 4 1.38
 3
 3
 7
 5
 2 4 0.53
 3
 4 3.50
 3
 2 1 1.77
 1 3
 2 2 3.30
 1 6
 5
 7
 5
 5
 4 2.20
 2 6 2.36
 5
 1 2
 1 3
 3
 1 5
 4 3.65
 1 2
 2 1 3.31
 5
 2 1 0.66
 1 4
 1 6
