 7
 2 1 1.21
 1 3
 1 6
 4 3.20
 7
 1 1
 5
 1 5
 3
 4 0.02
 7
 7
 7
 7
 2 4 0.74
 7
 1 4
 3
 1 3
 2 4 2.24
 2 4 1.72
 4 3.05
 5
 1 1
 5
 5
 5
 3
 1 3
 3
 2 4 3.98
 2 5 3.35
 7
 2 4 0.76
 3
 1 5
 1 4
 2 1 2.02
 5
 3
 2 3 2.77
 2 2 1.33
 5
 1 5
 4 1.54
 3
 7
 2 5 1.54
 7
 1 3
 5
 4 0.01
 4 2.11
 4 2.52
 7
 7
 7
 4 1.19
 4 2.47
 1 5
 2 4 3.20
 1 4
 5
 7
 4 0.22
 3
 7
 4 0.66
 4 2.32
 3
 2 1 2.43
 2 1 3.32
 2 4 1.95
 3
 2 3 0.99
 5
 2 1 0.35
 4 2.99
 7
 7
 2 5 1.97
 3
 1 1
 7
 7
 1 3
 4 0.68
 4 2.77
 2 3 3.77
 2 4 1.57
 2 1 2.06
 2 6 3.40
 4 1.36
 3
 2 6 0.99
 3
 5
 7
 3
