7
7
6
7
3
7
4 0.997791
3
1 1
6
3
1 3
4 0.125729
4 0.741648
6
6
7
 
6
4 0.542574
6
4 0.602362
6
3
6
 
7
4 0.530682
6
 
6
7
7
1 1
4 0.730118
5
6
6
4 0.244718
6
6
6
 
 
6
6
6
7
6
 
6
1 3
6
6
6
4 0.289249
6
1 3
 
4 0.316974
3
6
7
4 0.471092
4 0.18056
6
 
4 0.709832
3
4 0.776576
6
6
6
5
1 3
7
4 0.042055
1 1
4 0.871083
 
4 0.524945
 
4 0.058436
6
3
4 0.688326
6
5
4 0.594811
5
7
7
4 0.221815
 
7
6
7
1 1
1 1
1 1
4 0.736079
4 0.403869
4 0.584406
 
6
6
5
4 0.806952
6
4 0.644117
6
4 0.378419
3
3
3
6
4 0.125816
 
6
4 0.483111
4 0.214521
1 3
