 2 2 0.03
 4 0.93
 4 0.37
 3
 7
 1 1
 4 0.80
 4 0.10
 3
 2 2 0.45
 7
 2 1 0.73
 1 2
 2 2 0.28
 7
 2 1 0.11
 3
 1 3
 3
 3
 5
 5
 1 3
 7
 4 0.30
 5
 1 1
 2 2 0.54
 5
 4 0.55
 3
 4 0.37
 2 1 0.79
 7
 4 0.13
 2 1 0.46
 2 2 0.40
 4 0.93
 3
 2 2 0.60
 4 0.67
 1 2
 1 2
 5
 6
 3
 3
 5
 2 2 0.45
 4 0.50
 7
 3
 7
 2 2 0.53
 5
 3
 3
 5
 1 2
 5
 3
 5
 3
 2 2 0.03
 5
 5
 2 2 0.25
 2 1 0.53
 4 0.94
 3
 7
 4 0.40
 3
 4 0.29
 1 1
 5
 1 1
 2 2 0.82
 5
 5
 7
 6
 4 0.27
 1 1
 2 2 0.74
 7
 5
 4 0.83
 5
 4 0.73
 7
 2 1 0.20
 1 1
 2 2 0.47
 5
 4 0.32
 5
 1 1
 2 1 0.67
 5
 1 2
 2 2 0.23
 5
 1 3
 1 3
 3
 2 1 0.43
 5
