 2 2 0.45
 1 2
 5
 2 1 0.62
 7
 5
 7
 7
 4 0.08
 1 1
 2 2 0.36
 2 1 0.77
 5
 4 0.35
 5
 5
 1 2
 6
 2 1 0.76
 7
 4 0.27
 6
 1 3
 7
 6
 5
 4 0.20
 7
 1 1
 2 2 0.53
 1 1
 2 1 0.72
 1 3
 2 1 0.60
 2 1 0.46
 1 1
 4 0.44
 3
 5
 4 0.18
 1 3
 1 2
 1 2
 5
 6
 3
 3
 4 0.72
 1 3
 3
 2 2 0.48
 5
 6
 1 3
 7
 2 2 0.87
 5
 4 0.49
 7
 1 2
 2 2 0.94
 2 2 0.33
 3
 4 0.05
 7
 5
 1 1
 2 2 0.24
 5
 7
 2 2 0.67
 3
 7
 5
 1 1
 7
 3
 2 1 0.95
 3
 1 1
 1 2
 7
 2 1 0.97
 2 2 0.23
 7
 3
 1 3
 3
 2 1 0.58
 2 1 0.15
 2 2 0.52
 3
 7
 4 0.79
 3
 3
 4 0.22
 4 0.13
 4 0.26
 3
 2 1 0.97
 3
 3
 5
 7
 1 3
 4 0.45
 2 1 0.02
 5
