 7
 4 0.46
 4 0.90
 2 2 0.49
 2 2 0.50
 5
 3
 1 1
 1 1
 3
 5
 1 2
 2 1 0.08
 2 2 0.79
 2 2 0.36
 3
 1 2
 4 0.54
 1 3
 3
 4 0.46
 4 0.63
 3
 1 1
 2 1 0.98
 6
 1 2
 5
 4 0.61
 7
 1 1
 2 1 0.60
 2 2 0.25
 4 0.24
 2 2 0.92
 2 1 0.91
 5
 3
 5
 5
 7
 4 0.18
 2 2 0.65
 1 2
 2 1 0.95
 3
 2 1 0.77
 1 1
 5
 1 1
 5
 1 3
 4 0.81
 1 1
 5
 7
 4 0.02
 7
 6
 7
 3
 2 2 0.87
 5
 3
 3
 5
 2 1 0.78
 7
 1 3
 1 2
 7
 5
 3
 4 0.22
 3
 1 1
 4 0.99
 3
 4 0.58
 1 3
 5
 2 1 0.19
 3
 7
 7
 3
 3
 2 1 0.09
 2 1 0.24
 4 0.13
 2 1 0.77
 1 3
