 2 1 0.01
 6
 6
 3
 4 0.24
 4 0.10
 7
 5
 7
 2 2 0.57
 4 0.61
 1 2
 3
 7
 3
 5
 5
 4 0.87
 7
 7
 1 2
 7
 4 0.56
 2 2 0.93
 1 2
 3
 7
 7
 2 2 0.96
 5
 4 0.09
 5
 3
 3
 1 2
 5
 1 1
 3
 1 3
 2 1 0.50
 4 0.36
 3
 1 2
 3
 7
 1 2
 7
 5
 5
 4 0.49
 7
 3
 3
 5
 1 2
 4 0.61
 5
 2 1 0.31
 7
 4 0.55
 5
 2 2 0.36
 3
 2 1 0.93
 3
 2 2 0.00
 1 3
 3
 4 0.93
 4 0.57
 4 0.92
 4 0.46
 2 1 0.34
 7
 1 1
 2 2 0.06
 2 1 0.43
 4 0.67
 4 0.13
 5
 1 3
 7
 7
 4 0.58
 5
 1 1
 5
 2 2 0.00
 2 2 0.25
 5
 7
 1 3
 4 0.84
 2 1 0.13
 7
 6
 1 1
