 4 0.92
 4 0.83
 3
 2 1 0.94
 1 2
 3
 7
 4 0.65
 7
 7
 3
 7
 6
 5
 3
 7
 1 1
 4 0.84
 1 2
 3
 6
 4 0.41
 3
 4 0.66
 1 3
 4 0.60
 3
 7
 4 0.35
 6
 5
 5
 5
 3
 3
 3
 2 1 0.59
 4 0.86
 2 2 0.28
 7
 1 1
 3
 1 3
 5
 7
 2 1 0.98
 4 0.87
 4 0.23
 4 0.96
 2 2 0.80
 4 0.22
 6
 1 3
 3
 2 1 0.10
 1 1
 4 0.22
 4 0.84
 7
 4 0.27
 7
 7
 4 0.06
 1 1
 4 0.30
 4 0.22
 4 0.34
 2 1 0.06
 1 2
 1 3
 7
 3
 5
 3
 5
 4 0.69
 4 0.12
 1 1
 5
 1 1
 2 2 0.56
 2 1 0.06
 5
 5
 7
 3
 1 2
 1 2
 2 1 0.90
 5
 3
 2 1 0.45
 4 0.58
 7
