 5
 1 1
 1 2
 3
 2 1 0.36
 2 2 0.09
 4 0.38
 3
 7
 3
 4 0.91
 2 1 0.65
 5
 2 2 0.42
 2 1 0.74
 3
 4 0.65
 4 0.72
 5
 1 2
 1 2
 2 1 0.62
 3
 5
 7
 5
 7
 1 3
 3
 2 1 0.65
 7
 3
 4 0.67
 3
 3
 1 3
 5
 7
 3
 2 1 0.94
 4 0.41
 2 1 0.96
 5
 2 2 0.76
 4 0.42
 7
 2 1 0.31
 3
 5
 2 2 0.79
 7
 4 0.53
 1 2
 4 0.30
 5
 4 0.66
 1 3
 1 2
 4 0.32
 7
 7
 7
 4 0.16
 1 3
 1 3
 7
 5
 7
 7
 1 2
 3
 4 0.43
 5
 4 0.75
 5
 2 1 0.86
 3
 4 0.70
 5
 3
 1 2
 5
 1 3
 2 1 0.08
 5
 7
 2 2 0.49
 5
 7
 2 1 0.15
 1 3
 4 0.95
 3
 4 0.46
 7
 5
 4 0.89
 5
 4 0.42
 2 2 0.80
