 3
 4 0.13
 4 0.87
 3
 1 3
 4 0.44
 2 1 0.61
 5
 3
 2 2 0.81
 4 0.45
 5
 1 1
 2 2 0.89
 1 1
 1 1
 4 0.38
 2 1 0.39
 6
 1 3
 2 2 0.44
 5
 5
 1 2
 3
 5
 1 1
 1 3
 5
 5
 5
 1 2
 1 2
 6
 3
 2 1 0.39
 2 2 0.90
 1 2
 4 0.20
 4 0.28
 6
 1 1
 2 2 0.96
 5
 1 1
 1 2
 1 2
 2 1 0.30
 3
 1 2
 3
 6
 7
 3
 6
 7
 3
 3
 5
 5
 2 1 0.51
 1 3
 2 1 0.87
 1 3
 5
 5
 3
 5
 3
 1 1
 2 2 0.67
 6
 2 1 0.86
 4 0.63
 5
 4 0.97
 4 0.23
 1 1
 1 3
 7
 1 2
 5
 2 2 0.26
 4 0.04
 6
 3
 2 2 0.44
 4 0.97
 4 0.29
 5
 5
 4 0.60
 2 1 0.86
 7
 1 1
 5
 4 0.03
 5
 3
 5
 1 2
 2 1 0.26
 2 2 0.29
 2 1 0.52
 1 1
 3
 5
 1 1
 5
 3
 2 2 0.39
 7
 5
 3
