 2 1 0.67
 3
 1 2
 5
 2 2 0.15
 2 2 0.56
 1 3
 2 1 0.92
 2 1 0.82
 1 2
 2 2 0.87
 2 2 0.59
 4 0.76
 1 2
 6
 1 3
 4 0.97
 5
 7
 1 3
 7
 7
 3
 3
 3
 4 0.08
 4 0.11
 1 3
 2 1 0.96
 2 1 0.03
 3
 2 2 0.00
 1 1
 1 2
 3
 3
 4 0.70
 4 0.04
 2 1 0.75
 2 2 0.49
 6
 3
 5
 1 3
 1 1
 3
 3
 2 2 0.38
 1 1
 5
 4 0.58
 2 1 0.21
 3
 1 1
 3
 5
 5
 4 0.54
 2 1 0.67
 1 2
 1 3
 5
 5
 2 1 0.76
 4 0.46
 7
 2 2 0.84
 3
 7
 2 2 0.51
 4 0.41
 5
 1 2
 7
 1 1
 1 2
 1 3
 1 2
 3
 7
 3
 3
 4 0.63
 3
 4 0.86
 3
 4 0.05
 2 2 0.93
 7
 3
 5
 3
