 3
 4 0.63
 7
 7
 1 2
 6
 1 1
 2 2 0.60
 4 0.67
 3
 5
 3
 4 0.32
 1 2
 3
 6
 7
 2 2 0.19
 1 3
 2 2 0.53
 5
 3
 3
 7
 5
 4 0.17
 5
 3
 3
 4 0.03
 5
 5
 2 1 0.90
 7
 2 2 0.02
 3
 7
 3
 3
 4 0.19
 2 2 0.28
 5
 2 2 0.40
 4 0.07
 3
 1 2
 2 1 0.43
 7
 7
 3
 1 2
 5
 5
 7
 4 0.02
 5
 4 0.14
 2 1 0.58
 1 1
 3
 1 2
 7
 3
 2 1 0.00
 2 2 0.07
 7
 4 0.96
 1 3
 5
 4 0.44
 5
 2 2 0.24
 5
 5
 7
 4 0.11
 7
 1 2
 7
 3
 5
 1 2
 7
 5
 7
 2 1 0.92
 7
 2 2 0.81
 1 1
 5
 4 0.39
 3
 1 2
 2 2 0.42
 7
 5
 4 0.61
 1 3
 2 1 0.87
 7
 1 3
 1 2
 5
