 6
 2 1 0.12
 3
 5
 2 1 0.06
 1 2
 5
 1 2
 3
 2 2 0.00
 4 0.72
 7
 7
 3
 7
 5
 4 0.23
 4 0.37
 3
 5
 3
 5
 4 0.47
 4 0.57
 4 0.20
 6
 4 0.18
 5
 3
 4 0.46
 2 2 0.06
 3
 5
 3
 7
 4 0.82
 2 2 0.45
 4 0.00
 3
 3
 2 2 0.91
 3
 1 1
 2 2 0.45
 3
 5
 2 2 0.07
 5
 5
 7
 5
 4 0.18
 7
 2 2 0.69
 7
 4 0.46
 5
 2 2 0.21
 4 0.98
 7
 4 0.60
 1 1
 5
 5
 1 3
 3
 4 0.74
 3
 7
 7
 3
 5
 5
 2 2 0.72
 7
 5
 3
 6
 1 1
 7
 2 2 0.99
 2 2 0.47
 5
 4 0.82
 1 2
 7
 1 3
 2 1 0.87
 1 2
 3
 1 1
 7
 1 2
 4 0.84
 4 0.95
 6
 4 0.08
 5
 2 1 0.88
 6
 2 1 0.40
 4 0.99
 3
 2 1 0.50
 5
 2 2 0.07
 2 2 0.46
 1 1
 1 3
 3
 2 2 0.37
 5
 1 1
 2 1 0.73
 3
 7
 4 0.23
 1 3
 7
 1 3
 4 0.73
 4 0.35
