 4 0.81
 5
 1 3
 4 0.14
 2 2 0.17
 5
 4 0.86
 3
 2 1 0.23
 4 0.01
 4 0.34
 5
 1 1
 7
 5
 1 3
 4 0.17
 5
 1 2
 2 2 0.59
 5
 5
 3
 4 0.88
 2 2 0.47
 2 1 0.75
 2 2 0.95
 5
 3
 1 3
 4 0.38
 5
 1 3
 7
 7
 2 1 0.71
 6
 7
 4 0.52
 4 0.43
 5
 7
 5
 3
 4 0.58
 5
 5
 5
 1 3
 7
 2 1 0.33
 4 0.80
 2 2 0.66
 3
 3
 7
 2 1 0.50
 1 3
 1 2
 4 0.20
 5
 1 1
 4 0.54
 5
 3
 3
 5
 2 1 0.77
 1 1
 5
 5
 2 1 0.12
 2 1 0.34
 4 0.64
 7
 4 0.34
 3
 4 0.03
 2 1 0.11
 4 0.47
 7
 5
 1 1
 4 0.24
 2 1 0.60
 3
 6
 5
 7
 3
 3
 4 0.77
 6
 2 2 0.11
 3
 5
 4 0.58
 1 1
 4 0.17
 5
 4 0.06
 3
 7
 2 2 0.43
 3
 4 0.23
 5
 1 3
 4 0.35
 2 1 0.77
 6
 5
 3
 5
 6
 1 3
 1 1
 4 0.32
 2 2 0.18
 1 2
 4 0.47
 3
 2 2 0.94
 1 3
