 7
 1 2
 1 1
 5
 2 2 0.13
 4 0.15
 5
 7
 1 3
 6
 7
 7
 1 3
 3
 2 2 0.51
 4 0.14
 5
 2 2 0.91
 4 0.19
 5
 2 2 0.94
 7
 4 0.48
 4 0.09
 1 2
 4 0.61
 1 2
 3
 7
 7
 5
 4 0.63
 1 1
 3
 3
 3
 2 1 0.06
 1 3
 3
 2 2 0.71
 5
 1 1
 5
 3
 3
 1 3
 1 1
 3
 7
 1 1
 1 2
 4 0.86
 1 1
 2 1 0.06
 1 2
 3
 2 1 0.50
 1 1
 1 2
 4 0.68
 2 2 0.96
 5
 5
 4 0.67
 1 3
 1 2
 4 0.82
 4 0.66
 3
 1 1
 4 0.15
 4 0.25
 7
 2 1 0.84
 5
 5
 3
 2 2 0.32
 7
 5
 1 2
 2 2 0.55
 7
 4 0.49
 1 2
 3
 7
 4 0.91
 6
 7
 3
 3
 3
 7
 4 0.67
 2 2 0.39
 1 3
 2 2 0.31
