 5
 5
 6
 4 0.57
 7
 3
 4 0.43
 2 1 0.04
 3
 5
 7
 3
 4 0.85
 1 2
 5
 3
 5
 2 1 0.25
 3
 1 1
 5
 2 1 0.60
 3
 5
 2 2 0.44
 3
 4 0.95
 3
 5
 2 2 0.20
 1 3
 2 1 0.85
 4 0.87
 2 2 0.48
 1 1
 4 0.35
 3
 5
 2 2 0.08
 4 0.03
 4 0.78
 3
 4 0.67
 4 0.39
 2 1 0.77
 6
 5
 3
 2 2 0.32
 3
 4 0.90
 4 0.91
 3
 7
 4 0.54
 1 1
 4 0.44
 2 2 0.67
 4 0.16
 5
 4 0.28
 2 1 0.62
 3
 5
 5
 1 1
 5
 3
 3
 1 2
 5
 2 2 0.51
 4 0.87
 3
 3
 2 1 0.07
 5
 5
 1 2
 5
 5
 2 1 0.95
 7
 5
 1 3
 5
 4 0.45
 5
 2 2 0.62
 2 1 0.35
 1 3
 1 1
 2 1 0.84
 5
 3
 4 0.41
 4 0.76
 3
 2 2 0.15
 3
 3
 1 3
 2 1 0.74
 4 0.97
