 1 3
 6
 7
 1 2
 5
 5
 3
 7
 2 2 0.27
 4 0.85
 7
 2 1 0.26
 5
 4 0.93
 1 1
 6
 6
 2 1 0.01
 3
 3
 1 1
 5
 4 0.38
 3
 7
 5
 1 2
 2 2 0.21
 3
 5
 3
 3
 3
 4 0.00
 5
 3
 2 2 0.85
 4 0.32
 1 3
 3
 1 2
 4 0.28
 2 1 0.38
 3
 2 2 0.03
 7
 3
 2 1 0.20
 6
 7
 1 1
 6
 2 1 0.27
 1 3
 4 0.11
 4 0.08
 2 2 0.02
 1 2
 4 0.55
 4 0.28
 4 0.32
 5
 5
 7
 5
 1 1
 5
 1 1
 7
 7
 2 1 0.96
 1 1
 3
 7
 2 2 0.27
 7
 2 2 0.43
 6
 2 1 0.79
 4 0.47
 4 0.73
 7
 3
 4 0.77
 4 0.77
 2 1 0.53
 7
 4 0.62
 6
 1 1
 7
 3
 2 2 0.01
 5
 7
