6
7
 
2 3 0.679064
3
7
 
4 0.860077
2 3 0.64843
2 3 0.300467
7
5
2 3 0.669607
3
3
7
 
5
5
 
7
6
1 1
7
7
2 1 0.246991
1 1
6
7
2 2 0.624
6
3
4 0.723489
2 2 0.195319
2 3 0.901052
 
3
6
4 0.81162
6
7
1 3
2 3 0.655808
5
4 0.732541
5
5
6
 
5
7
5
6
1 1
3
4 0.739471
3
1 1
3
2 1 0.262986
4 0.546053
2 3 0.586567
 
3
6
6
7
7
 
4 0.356134
 
2 2 0.253367
7
5
3
2 2 0.466592
6
6
5
 
7
1 2
7
1 2
7
5
2 3 0.169646
 
 
 
6
 
6
5
4 0.24351
7
4 0.480552
6
2 3 0.259161
1 1
6
 
6
5
4 0.837091
3
4 0.277861
2 1 0.552051
