5
4 0.813118
5
6
6
4 0.780468
 
3
1 1
7
4 0.106955
2 3 0.334114
1 3
 
4 0.482896
5
 
6
2 1 0.065631
3
2 3 0.736152
4 0.348729
6
1 3
5
1 2
3
4 0.2291
6
1 1
1 2
1 3
7
6
7
7
1 3
2 3 0.635472
6
4 0.344864
6
5
5
 
6
1 3
3
3
7
4 0.118809
7
2 2 0.357197
5
 
 
3
6
3
7
1 2
 
2 3 0.470637
2 1 0.871241
1 3
3
 
5
1 1
4 0.711522
7
2 1 0.712445
3
4 0.414418
6
1 3
 
6
2 1 0.367657
6
3
7
6
4 0.034491
4 0.772011
1 2
6
2 2 0.39174
 
 
7
2 3 0.872698
2 2 0.557499
2 2 0.949911
3
6
6
2 3 0.21007
 
 
 
2 1 0.751703
7
1 1
4 0.726946
7
3
6
1 1
1 1
4 0.166665
5
5
3
 
7
6
2 3 0.484178
3
 
2 3 0.003413
7
6
3
7
