 
3
4 0.020151
1 2
1 1
7
1 1
6
6
3
6
1 1
5
3
3
4 0.160239
3
6
 
7
4 0.510498
5
7
1 3
3
2 2 0.727639
2 3 0.500311
 
3
6
2 2 0.05856
 
2 3 0.436886
3
4 0.910152
1 1
7
2 3 0.623568
7
5
3
2 1 0.567222
3
4 0.217272
2 1 0.322211
5
5
1 2
3
4 0.426423
2 3 0.230407
 
7
5
4 0.825933
6
6
3
5
5
 
5
2 3 0.917685
7
1 1
3
2 2 0.222406
6
 
7
5
5
6
3
7
7
5
6
5
2 3 0.679343
3
 
7
5
4 0.438064
1 3
5
5
3
2 2 0.940399
2 2 0.066563
3
2 2 0.419704
5
5
2 2 0.987386
6
2 2 0.339108
1 3
3
6
2 1 0.354936
3
4 0.849364
4 0.820713
5
4 0.383299
7
6
5
1 3
7
3
4 0.751387
6
6
7
5
 
 
1 1
7
5
4 0.304212
4 0.55756
7
 
2 2 0.301393
1 2
6
 
1 2
4 0.323452
6
3
6
7
6
6
2 1 0.723686
4 0.9522
 
5
1 1
3
6
5
3
2 2 0.906754
2 1 0.292404
4 0.899701
3
 
4 0.133447
2 1 0.165957
1 2
1 3
3
5
 
