1  1 
3  
7  
4  0.830100 
2  1 0.998654 
4  0.812596 
6  
2  1 0.151386 
7  
7  
4  0.689730 
5  
2  1 0.331630 
1  2 
1  1 
1  2 
3  
6  
5  
4  0.176204 
1  3 
2  2 0.834935 
6  
2  1 0.902748 
4  0.308005 
2  1 0.185782 
2  2 0.708458 
7  
6  
3  
6  
3  
1  2 
7  
2  1 0.074913 
3  
6  
3  
2  1 0.812932 
5  
5  
6  
6  
6  
7  
4  0.335700 
6  
5  
6  
4  0.569833 
6  
4  0.756809 
1  3 
5  
3  
2  1 0.531673 
1  1 
2  1 0.260359 
2  1 0.511629 
6  
5  
7  
5  
2  1 0.989167 
3  
3  
7  
4  0.018055 
3  
