1  1 
1  2 
2  2 0.066803 
6  
7  
3  
6  
6  
7  
3  
2  1 0.566222 
2  2 0.913703 
7  
3  
7  
5  
2  1 0.599119 
1  2 
4  0.680458 
4  0.735663 
4  0.660567 
6  
7  
5  
5  
6  
7  
3  
7  
4  0.473652 
3  
3  
4  0.919946 
3  
1  2 
7  
2  2 0.125130 
1  3 
1  2 
7  
3  
2  1 0.565671 
5  
7  
4  0.589020 
7  
3  
3  
7  
3  
2  1 0.199829 
7  
5  
6  
3  
6  
2  2 0.763725 
5  
6  
6  
6  
5  
5  
7  
6  
6  
6  
4  0.914040 
1  1 
3  
7  
7  
7  
2  1 0.309229 
7  
6  
3  
4  0.195759 
3  
2  2 0.326030 
7  
5  
2  1 0.160720 
5  
7  
6  
2  2 0.885152 
7  
4  0.103127 
3  
6  
6  
7  
2  2 0.848185 
4  0.381143 
3  
7  
