6  
3  
2  2 0.666718 
2  2 0.458045 
4  0.981088 
6  
6  
7  
2  1 0.435186 
2  1 0.603831 
5  
5  
6  
6  
3  
5  
2  2 0.553308 
1  1 
4  0.965084 
4  0.681192 
3  
3  
5  
3  
2  2 0.118643 
2  2 0.209958 
5  
2  2 0.352439 
5  
7  
7  
4  0.764826 
2  2 0.821623 
6  
3  
7  
7  
4  0.473346 
5  
6  
4  0.063376 
1  3 
6  
3  
6  
5  
3  
3  
2  1 0.995318 
4  0.579595 
2  2 0.402993 
5  
6  
6  
4  0.266601 
4  0.736734 
7  
3  
6  
4  0.939256 
7  
2  1 0.879980 
3  
3  
4  0.610288 
4  0.285544 
7  
6  
5  
4  0.147255 
1  2 
7  
3  
5  
7  
1  2 
4  0.869545 
2  2 0.020381 
2  2 0.111880 
2  1 0.602118 
1  3 
7  
5  
6  
6  
