2  2 0.003305 
1  2 
4  0.916947 
6  
2  2 0.618459 
4  0.403666 
5  
6  
4  0.595722 
2  1 0.827284 
3  
3  
7  
3  
3  
1  3 
4  0.583910 
2  2 0.743558 
6  
1  3 
4  0.247996 
1  3 
5  
2  2 0.514597 
4  0.305802 
4  0.793867 
4  0.662127 
4  0.186272 
7  
6  
1  2 
6  
7  
6  
2  2 0.318532 
7  
5  
5  
6  
2  2 0.461870 
1  3 
5  
3  
2  2 0.224800 
1  1 
5  
2  2 0.090917 
1  3 
3  
3  
7  
7  
3  
5  
5  
1  2 
5  
2  1 0.748852 
3  
2  2 0.146429 
3  
1  2 
4  0.703470 
7  
4  0.452506 
3  
4  0.825846 
2  2 0.832395 
4  0.895128 
2  2 0.779485 
2  1 0.309658 
7  
5  
2  2 0.408960 
4  0.002112 
5  
6  
6  
7  
5  
6  
2  1 0.367250 
5  
3  
