2  2 0.042873 
1  3 
1  3 
1  1 
2  1 0.829702 
4  0.790715 
6  
7  
6  
3  
6  
7  
3  
5  
2  2 0.269111 
2  1 0.788788 
6  
7  
6  
2  2 0.732358 
3  
6  
1  1 
2  2 0.796591 
5  
7  
2  1 0.149642 
5  
6  
5  
6  
2  1 0.531091 
6  
2  1 0.638840 
4  0.599119 
4  0.583053 
6  
7  
2  2 0.118857 
6  
6  
4  0.191658 
6  
5  
2  1 0.263939 
3  
3  
7  
1  1 
2  2 0.546239 
7  
6  
1  1 
3  
4  0.059153 
6  
5  
5  
5  
3  
2  1 0.801579 
5  
3  
3  
5  
3  
5  
2  2 0.771773 
4  0.852837 
4  0.773303 
1  3 
4  0.826152 
5  
4  0.951374 
2  2 0.518851 
7  
5  
3  
