4  0.469490 
1  3 
2  2 0.411225 
3  
2  2 0.513189 
7  
2  1 0.026593 
6  
6  
5  
3  
4  0.763174 
7  
6  
7  
6  
6  
2  1 0.784993 
2  1 0.843167 
1  1 
5  
7  
5  
4  0.629231 
5  
3  
1  1 
1  2 
3  
2  2 0.007742 
7  
7  
3  
1  2 
6  
2  2 0.939807 
3  
3  
2  2 0.034304 
3  
6  
3  
3  
6  
7  
1  1 
6  
5  
4  0.688659 
7  
3  
5  
6  
6  
3  
2  1 0.886131 
3  
3  
1  3 
7  
7  
4  0.608391 
6  
1  1 
4  0.199859 
3  
5  
7  
6  
4  0.649428 
2  1 0.487882 
6  
7  
2  2 0.482649 
1  3 
6  
5  
5  
3  
1  3 
5  
2  2 0.932676 
