4  0.246802 
7  
1  1 
7  
7  
7  
7  
1  3 
6  
4  0.774374 
2  1 0.378542 
5  
6  
5  
4  0.747781 
4  0.404064 
6  
7  
6  
2  2 0.986321 
1  1 
4  0.343779 
2  1 0.621672 
3  
4  0.196126 
5  
4  0.959514 
4  0.689730 
6  
4  0.726544 
3  
7  
1  3 
6  
1  1 
1  1 
5  
6  
6  
2  2 0.210172 
7  
4  0.380807 
2  2 0.678407 
2  1 0.462023 
4  0.038436 
6  
1  3 
3  
5  
5  
4  0.251178 
7  
7  
2  2 0.070261 
2  2 0.679876 
4  0.511476 
4  0.699706 
4  0.029592 
7  
6  
7  
5  
6  
1  2 
4  0.571149 
2  2 0.730461 
2  2 0.187925 
3  
6  
1  3 
3  
