2  1 0.819359 
2  1 0.777128 
5  
3  
4  0.183824 
2  2 0.993084 
2  1 0.848706 
2  2 0.162495 
7  
7  
5  
7  
3  
3  
6  
1  3 
3  
4  0.042138 
7  
3  
7  
7  
7  
7  
6  
4  0.234745 
7  
5  
7  
4  0.085195 
2  1 0.267122 
5  
1  2 
3  
5  
3  
4  0.702583 
2  1 0.355009 
4  0.492533 
5  
2  1 0.418202 
3  
1  1 
1  1 
4  0.624793 
4  0.922792 
1  2 
4  0.199614 
1  1 
3  
3  
5  
4  0.351001 
5  
1  2 
2  2 0.306139 
6  
7  
2  2 0.177795 
3  
1  2 
5  
3  
5  
6  
3  
5  
2  2 0.552696 
2  2 0.275568 
5  
7  
7  
2  2 0.594039 
1  1 
1  2 
5  
5  
6  
7  
2  2 0.946784 
6  
1  1 
6  
3  
6  
1  3 
