4  0.228931 
2  1 0.438674 
2  1 0.182018 
5  
5  
1  1 
1  3 
2  1 0.884907 
4  0.112981 
1  3 
4  0.830559 
7  
2  1 0.460401 
7  
5  
4  0.868046 
1  1 
1  1 
7  
6  
2  1 0.391793 
2  2 0.757482 
3  
5  
6  
1  1 
2  2 0.232756 
1  3 
1  1 
4  0.491982 
1  3 
3  
7  
4  0.834476 
3  
7  
6  
2  1 0.858192 
5  
3  
6  
3  
7  
4  0.022645 
6  
6  
5  
2  1 0.263449 
2  1 0.044036 
3  
3  
7  
1  3 
4  0.289461 
1  2 
2  2 0.056123 
7  
6  
3  
1  3 
4  0.825081 
7  
5  
3  
3  
3  
6  
5  
4  0.658333 
5  
2  2 0.652182 
1  1 
5  
3  
3  
2  2 0.086297 
