3  
3  
7  
6  
6  
7  
1  2 
5  
1  2 
6  
3  
5  
1  3 
4  0.705245 
4  0.409327 
2  2 0.771069 
2  1 0.169288 
4  0.918691 
4  0.180274 
3  
1  2 
2  1 0.366822 
4  0.263664 
1  1 
2  2 0.193708 
2  2 0.042322 
3  
3  
7  
6  
4  0.367495 
3  
2  1 0.977477 
2  2 0.335975 
6  
7  
7  
3  
6  
7  
3  
3  
1  2 
5  
5  
7  
2  1 1.001622 
7  
3  
5  
1  2 
3  
1  2 
2  2 0.284993 
4  0.152488 
2  2 0.310454 
4  0.916855 
3  
5  
1  1 
2  2 0.505019 
1  2 
2  2 0.942224 
2  1 0.573046 
1  2 
1  3 
1  2 
4  0.662617 
5  
1  1 
6  
3  
4  0.159220 
7  
5  
6  
5  
7  
1  1 
3  
3  
6  
2  2 0.697931 
4  0.170573 
7  
3  
6  
6  
5  
6  
3  
7  
2  2 0.129965 
1  2 
1  3 
6  
5  
