5  
6  
3  
3  
2  1 0.946845 
6  
2  1 0.063009 
7  
1  3 
6  
4  0.517045 
4  0.415142 
4  0.593672 
1  3 
5  
3  
4  0.358131 
2  1 0.918294 
7  
7  
1  3 
7  
4  0.879674 
6  
6  
6  
1  1 
6  
4  0.331966 
2  2 0.203623 
7  
1  2 
1  3 
3  
2  1 0.436716 
3  
6  
5  
6  
5  
6  
6  
3  
5  
1  3 
4  0.545872 
7  
5  
2  2 0.251423 
5  
6  
5  
1  1 
6  
4  0.130485 
6  
7  
2  1 0.985128 
7  
3  
6  
7  
1  2 
5  
6  
4  0.456729 
5  
4  0.728441 
1  3 
6  
3  
4  1.001316 
3  
5  
5  
1  2 
6  
2  2 0.594437 
2  1 0.309535 
1  2 
7  
7  
1  3 
