6  
6  
2  2 0.525920 
7  
5  
4  0.525246 
1  3 
1  2 
2  1 0.411469 
1  3 
3  
7  
1  2 
2  1 0.320032 
7  
6  
3  
4  0.529745 
1  3 
5  
1  3 
6  
4  0.587490 
7  
7  
5  
1  2 
1  2 
7  
2  1 0.250536 
5  
4  0.181590 
6  
6  
1  2 
1  3 
1  1 
5  
5  
5  
4  0.595049 
1  1 
1  1 
1  1 
2  1 0.710723 
1  1 
2  1 0.351490 
2  2 0.922670 
4  0.242977 
6  
2  2 0.929524 
6  
7  
1  3 
5  
5  
5  
7  
6  
6  
7  
6  
6  
4  0.032866 
5  
7  
2  1 0.560102 
1  1 
1  3 
7  
7  
1  3 
3  
3  
3  
4  0.371902 
6  
3  
4  0.808770 
4  0.172410 
6  
