7  
3  
3  
1  2 
5  
4  0.012302 
5  
5  
6  
1  2 
2  2 0.418171 
2  2 0.561938 
5  
4  0.213599 
5  
2  2 0.097558 
7  
3  
2  2 0.936532 
3  
2  2 0.915846 
4  0.237163 
2  1 0.129108 
7  
1  2 
3  
7  
7  
5  
5  
5  
2  2 0.418600 
7  
4  0.911225 
5  
3  
4  0.265775 
5  
4  0.207540 
6  
2  2 0.840413 
6  
3  
6  
1  3 
2  2 0.376247 
6  
3  
2  1 0.555236 
4  0.726483 
2  1 0.145786 
1  2 
7  
1  3 
4  0.368872 
6  
2  2 1.002050 
6  
3  
2  2 0.894761 
1  2 
6  
5  
3  
3  
2  2 0.361160 
3  
3  
6  
3  
7  
3  
5  
1  2 
2  2 0.077208 
5  
5  
6  
