7  
7  
6  
1  2 
5  
2  2 0.034702 
7  
3  
5  
5  
4  0.251821 
6  
4  0.047953 
6  
4  0.500275 
4  0.821593 
3  
5  
2  1 0.454557 
1  3 
1  3 
6  
7  
7  
5  
3  
6  
4  0.197105 
4  0.803048 
5  
5  
5  
2  2 0.566467 
1  3 
7  
7  
2  1 0.984546 
5  
3  
1  2 
7  
5  
7  
3  
5  
5  
5  
7  
6  
6  
4  0.230583 
1  1 
3  
1  1 
1  2 
6  
4  0.763572 
5  
4  0.152702 
2  2 0.903880 
4  0.374992 
7  
6  
3  
4  0.935890 
2  2 0.634127 
2  1 0.376216 
3  
5  
4  0.259043 
2  2 0.406359 
2  1 0.946294 
7  
6  
3  
7  
7  
