5  
1  1 
6  
5  
1  2 
1  1 
3  
4  0.949966 
1  3 
4  0.892099 
6  
1  2 
6  
4  0.653437 
7  
2  2 0.248699 
5  
4  0.834415 
7  
6  
3  
6  
2  1 0.501224 
5  
3  
7  
6  
1  1 
3  
5  
1  2 
1  2 
7  
5  
6  
4  0.824683 
2  1 0.762134 
4  0.777557 
7  
3  
4  0.634066 
4  0.804211 
1  1 
1  3 
1  2 
6  
3  
7  
5  
7  
3  
4  0.768499 
2  1 0.927015 
5  
3  
7  
2  1 0.115062 
5  
2  1 0.779117 
6  
1  1 
1  2 
7  
6  
6  
2  2 0.692086 
3  
5  
1  3 
1  2 
7  
2  1 0.551258 
4  0.748883 
1  1 
2  1 0.960432 
4  0.957035 
5  
3  
3  
6  
7  
5  
7  
2  2 0.024145 
7  
6  
4  0.856723 
