4  0.194994 
7  
2  1 0.060867 
5  
4  0.984424 
6  
7  
5  
5  
6  
7  
5  
3  
2  2 0.029592 
5  
1  2 
3  
5  
4  0.325295 
7  
1  2 
5  
3  
3  
1  1 
2  2 0.713569 
6  
5  
1  3 
1  2 
7  
1  3 
5  
1  2 
1  2 
2  1 0.258584 
2  1 0.978762 
3  
3  
6  
2  1 0.323765 
5  
6  
4  0.301946 
5  
6  
1  3 
3  
1  1 
5  
6  
2  2 0.023349 
7  
2  1 0.607136 
3  
7  
5  
2  1 0.495624 
6  
5  
4  0.091529 
4  0.286033 
7  
5  
2  1 0.353235 
3  
7  
1  1 
3  
7  
7  
3  
1  1 
2  1 0.828294 
1  1 
7  
5  
4  0.938858 
