2  2 0.253381 
7  
2  2 0.767581 
3  
1  1 
3  
7  
6  
3  
6  
6  
2  1 0.330314 
3  
4  0.948191 
3  
6  
5  
2  2 0.531979 
3  
4  0.052696 
7  
6  
1  2 
7  
4  0.200135 
7  
2  1 0.044556 
4  0.253534 
1  1 
7  
4  0.186670 
7  
4  0.554471 
7  
4  0.299743 
6  
2  1 0.497674 
5  
2  1 0.869331 
1  1 
6  
6  
4  0.872605 
7  
1  3 
5  
2  1 0.869821 
4  0.799131 
6  
1  1 
3  
4  0.922976 
5  
3  
5  
4  0.806934 
4  0.393078 
2  1 0.171430 
1  2 
2  2 0.720087 
4  0.469368 
4  0.228900 
3  
7  
6  
2  1 0.205000 
7  
1  2 
1  1 
2  1 0.285238 
1  2 
6  
2  1 0.279576 
6  
6  
5  
5  
2  1 0.309382 
7  
