4  0.715956 
1  2 
1  1 
7  
2  2 0.289950 
6  
1  2 
6  
4  0.701206 
2  2 0.994063 
3  
1  3 
2  2 0.836955 
7  
6  
7  
7  
2  2 0.936226 
6  
2  2 0.749005 
1  1 
3  
4  0.482465 
3  
5  
4  0.494339 
6  
2  1 0.765836 
6  
7  
6  
1  1 
1  3 
5  
6  
1  1 
6  
3  
1  2 
5  
2  1 0.132352 
4  0.250168 
5  
6  
7  
1  1 
3  
4  0.727278 
2  2 0.058388 
1  3 
7  
4  0.353510 
1  1 
3  
2  1 0.313452 
5  
6  
2  1 0.188200 
3  
7  
2  2 0.367464 
3  
5  
5  
6  
1  2 
7  
5  
1  3 
2  1 0.039568 
4  0.529837 
1  1 
7  
2  1 0.056980 
1  2 
1  2 
2  1 0.000612 
