3  
3  
7  
7  
6  
6  
1  2 
5  
4  0.877257 
5  
3  
3  
2  1 0.824194 
5  
6  
4  0.933319 
5  
6  
3  
5  
5  
7  
5  
6  
7  
7  
2  2 0.739856 
5  
5  
6  
5  
3  
4  0.678071 
4  0.699982 
2  2 0.048442 
4  0.090917 
4  0.531734 
5  
7  
1  2 
4  0.709376 
7  
3  
3  
4  0.853357 
2  1 0.044678 
1  2 
6  
2  2 0.019279 
2  1 0.640155 
4  0.582839 
3  
2  2 0.618275 
2  1 0.424383 
4  0.009731 
1  1 
7  
6  
1  2 
1  2 
1  2 
4  0.198360 
1  1 
3  
2  2 0.597895 
1  3 
6  
6  
7  
7  
6  
2  2 0.036171 
4  0.955689 
1  1 
2  1 0.111574 
2  2 0.465696 
2  1 0.453455 
7  
5  
3  
6  
7  
1  2 
7  
5  
3  
5  
