3  
4  0.305374 
2  1 0.402136 
7  
3  
2  2 0.692209 
7  
2  2 0.750046 
4  0.944764 
1  1 
4  0.287808 
2  1 0.184620 
3  
2  2 0.796377 
6  
7  
1  2 
1  2 
7  
4  0.667972 
6  
3  
3  
7  
7  
6  
3  
6  
3  
3  
6  
1  3 
7  
5  
4  0.483904 
1  2 
4  0.084154 
5  
4  0.406818 
6  
2  1 0.660414 
1  3 
7  
6  
3  
4  0.936043 
7  
1  1 
1  1 
4  0.538986 
6  
1  2 
4  0.921476 
4  0.606188 
2  2 0.817247 
6  
1  3 
7  
1  3 
7  
7  
3  
6  
7  
4  0.204174 
2  1 0.412020 
5  
3  
6  
5  
2  2 0.966002 
2  1 0.803629 
4  0.101444 
3  
4  0.504223 
6  
7  
7  
7  
7  
5  
6  
1  3 
4  0.575127 
6  
