4  0.145970 
5  
5  
5  
2  2 0.612369 
7  
6  
3  
1  2 
1  3 
5  
3  
7  
3  
6  
2  1 0.410001 
2  2 0.849134 
4  0.004468 
1  3 
4  0.225565 
5  
2  2 0.971173 
5  
5  
4  0.003244 
3  
3  
6  
6  
5  
3  
7  
5  
4  0.057806 
5  
4  0.669655 
1  3 
5  
5  
4  0.391976 
3  
2  1 0.255401 
6  
4  0.087215 
5  
2  2 0.275721 
7  
2  2 0.507406 
7  
3  
7  
5  
5  
6  
4  0.020228 
7  
1  2 
1  1 
4  0.721372 
6  
3  
3  
3  
1  1 
7  
4  0.172532 
1  3 
4  0.281413 
3  
4  0.914713 
4  0.838117 
1  1 
6  
2  1 0.540027 
7  
2  2 0.486107 
3  
6  
3  
3  
2  1 0.688720 
1  1 
