1  1 
2  2 0.081003 
2  2 0.253596 
6  
6  
3  
3  
1  3 
4  0.514016 
2  2 0.584093 
1  3 
4  0.778414 
1  3 
4  0.169288 
3  
6  
4  0.669013 
2  1 0.043026 
6  
1  3 
3  
5  
2  2 0.577667 
3  
7  
5  
3  
7  
1  3 
2  2 0.713416 
6  
1  1 
7  
4  0.897821 
7  
2  1 0.115368 
5  
6  
3  
2  1 0.712590 
2  1 0.808158 
7  
1  2 
1  1 
1  3 
6  
2  2 0.037579 
7  
5  
4  0.213110 
1  1 
1  1 
6  
5  
1  3 
5  
2  1 0.960983 
5  
3  
6  
7  
7  
2  1 0.712345 
1  3 
5  
1  1 
5  
7  
1  1 
5  
5  
1  1 
6  
5  
6  
3  
1  1 
6  
1  2 
7  
4  0.013465 
2  2 0.833986 
6  
2  1 0.882429 
3  
2  2 0.064141 
6  
1  1 
7  
4  0.240468 
1  1 
