3  
1  1 
7  
6  
7  
4  0.367556 
1  3 
3  
4  0.681437 
3  
5  
6  
6  
1  2 
5  
5  
5  
5  
5  
4  0.073536 
7  
4  0.510435 
6  
6  
5  
6  
1  2 
2  1 0.489871 
5  
3  
5  
7  
7  
6  
2  1 0.363088 
6  
4  0.358406 
2  2 0.815105 
5  
6  
7  
5  
3  
3  
1  3 
1  1 
3  
6  
2  2 0.484118 
1  2 
7  
3  
6  
6  
7  
7  
2  2 0.704113 
3  
6  
2  2 0.778567 
7  
4  0.133148 
1  2 
3  
7  
1  1 
4  0.291083 
4  0.912602 
6  
6  
2  1 0.265469 
7  
2  2 0.119438 
1  3 
4  0.351154 
3  
3  
4  0.613777 
4  0.960463 
4  0.799682 
3  
5  
6  
3  
2  2 0.003152 
7  
6  
6  
1  1 
2  1 0.409236 
