4  0.413795 
1  3 
4  0.284167 
6  
7  
4  0.795306 
5  
5  
2  1 0.601597 
5  
2  1 0.871963 
4  0.686058 
1  1 
1  3 
7  
3  
6  
1  2 
3  
7  
3  
6  
3  
3  
6  
7  
5  
4  0.313085 
7  
2  2 0.748393 
3  
7  
2  1 0.044893 
5  
1  1 
3  
7  
4  0.534304 
6  
7  
1  1 
5  
3  
6  
2  2 0.872146 
7  
6  
5  
7  
4  0.374258 
6  
3  
2  1 0.998898 
5  
4  0.055022 
3  
2  1 0.590122 
4  0.658822 
5  
1  1 
6  
1  3 
3  
2  1 0.489136 
7  
1  1 
5  
3  
3  
1  3 
5  
6  
5  
4  0.385274 
6  
6  
4  0.019187 
5  
1  2 
6  
7  
7  
4  0.956178 
7  
6  
6  
2  2 0.882704 
3  
1  1 
5  
2  1 0.106432 
1  3 
1  3 
2  1 0.284993 
7  
6  
4  0.456791 
1  1 
