4  0.103403 
1  1 
7  
5  
6  
2  1 0.213202 
6  
1  1 
7  
7  
5  
5  
5  
6  
5  
7  
2  2 0.972612 
4  0.752739 
7  
6  
3  
3  
3  
3  
3  
5  
6  
5  
7  
5  
2  2 0.155670 
5  
6  
4  0.990085 
4  0.179876 
2  2 0.916152 
5  
7  
3  
4  0.115399 
1  3 
4  0.337169 
4  0.927321 
3  
6  
6  
1  1 
2  2 0.565334 
4  0.957403 
6  
4  0.645939 
6  
4  0.394792 
3  
5  
7  
2  2 0.107351 
4  0.241845 
1  3 
1  2 
1  3 
1  1 
3  
1  2 
2  2 0.226544 
4  0.406237 
4  0.255095 
7  
4  0.980752 
6  
1  3 
2  1 0.537609 
5  
2  2 0.609676 
4  0.588959 
4  0.809505 
3  
1  2 
4  0.673878 
5  
3  
2  1 0.375696 
4  0.045902 
1  1 
3  
3  
