3  
6  
5  
2  1 0.455322 
3  
3  
4  0.361436 
1  1 
1  3 
7  
7  
5  
6  
5  
3  
5  
4  0.546025 
6  
1  2 
2  1 0.304976 
6  
6  
5  
5  
6  
3  
6  
4  0.326091 
6  
5  
1  2 
5  
7  
7  
6  
1  2 
5  
2  2 0.944183 
6  
1  3 
5  
3  
4  0.957892 
6  
7  
6  
6  
7  
6  
6  
7  
5  
6  
3  
5  
7  
4  0.231838 
3  
7  
3  
2  1 0.658792 
7  
5  
2  2 0.678622 
7  
7  
5  
2  2 0.325724 
4  0.673695 
4  0.315962 
1  1 
1  1 
4  0.392099 
4  0.598751 
2  1 0.392864 
3  
4  0.957709 
5  
1  2 
4  0.209285 
6  
4  0.332793 
4  0.104719 
5  
2  2 0.613226 
1  1 
3  
