5  
5  
1  3 
5  
3  
2  1 0.305680 
6  
4  0.548993 
7  
7  
6  
3  
2  2 0.001499 
2  2 0.658669 
3  
3  
6  
5  
4  0.771834 
7  
1  2 
3  
5  
4  0.309168 
1  2 
4  0.935002 
7  
1  2 
1  2 
3  
1  1 
6  
4  0.359386 
7  
5  
7  
5  
6  
4  0.400392 
6  
6  
4  0.397791 
6  
5  
6  
6  
6  
7  
7  
7  
1  1 
3  
4  0.715252 
7  
7  
3  
7  
3  
5  
5  
1  2 
3  
1  3 
4  0.406543 
1  2 
6  
1  3 
1  1 
5  
4  0.236030 
7  
6  
4  0.429555 
4  0.588316 
3  
3  
3  
6  
6  
7  
4  0.572801 
1  2 
2  1 0.836128 
3  
5  
1  2 
