1  2 
3  
4  0.086756 
4  0.452996 
5  
2  1 0.340504 
5  
4  0.588714 
2  2 0.842585 
4  0.304517 
4  0.668248 
5  
6  
2  2 0.896475 
2  1 0.722443 
4  0.003244 
5  
1  3 
6  
1  3 
2  1 0.112522 
3  
7  
1  2 
5  
2  1 0.973897 
5  
5  
6  
1  1 
3  
3  
6  
2  2 0.973101 
1  3 
1  3 
7  
7  
3  
7  
5  
5  
3  
4  0.755707 
2  2 0.289400 
3  
3  
2  2 0.002081 
7  
1  2 
7  
6  
7  
7  
2  2 0.212773 
4  0.294204 
1  2 
4  0.023808 
5  
3  
7  
5  
4  0.239519 
1  1 
7  
4  0.135535 
6  
3  
1  3 
7  
6  
4  0.161454 
7  
1  3 
3  
4  0.025002 
4  0.689087 
5  
2  2 0.725901 
1  1 
2  1 0.468327 
5  
6  
3  
2  2 0.203837 
4  0.225320 
2  1 0.550340 
4  0.712743 
3  
1  1 
7  
2  1 0.286339 
7  
2  1 0.161699 
5  
1  2 
