7  
3  
4  0.010343 
7  
7  
2  1 0.848185 
3  
6  
3  
6  
7  
7  
6  
7  
4  0.690679 
3  
6  
6  
3  
5  
5  
3  
2  1 0.963951 
6  
1  3 
7  
1  2 
1  1 
1  2 
5  
7  
4  0.101108 
4  0.672104 
6  
2  1 0.352164 
2  2 0.412847 
3  
6  
1  3 
6  
5  
1  2 
1  1 
4  0.883775 
7  
6  
3  
1  1 
5  
6  
6  
1  1 
3  
7  
6  
1  3 
1  3 
6  
4  0.925791 
4  0.035406 
7  
2  1 0.181406 
4  0.598292 
7  
7  
5  
3  
4  0.240131 
3  
4  0.642298 
5  
5  
1  3 
4  0.671155 
7  
4  0.553186 
7  
6  
7  
1  3 
2  1 0.990146 
5  
3  
4  0.743650 
3  
5  
6  
2  1 0.594957 
4  0.658088 
7  
7  
5  
3  
5  
1  3 
