1  3 
6  
2  1 0.486199 
5  
6  
6  
4  0.563468 
2  2 0.793072 
4  0.810239 
6  
3  
5  
2  2 0.886866 
6  
6  
7  
3  
1  2 
5  
3  
7  
6  
3  
2  2 0.489932 
7  
1  2 
5  
1  3 
3  
5  
2  2 0.149397 
3  
5  
2  2 0.396811 
4  0.947549 
2  1 0.048504 
4  0.714609 
1  3 
2  1 0.718006 
1  3 
6  
5  
1  2 
4  0.371198 
5  
2  1 0.746006 
3  
4  0.381664 
6  
6  
5  
4  0.506304 
6  
6  
4  0.070567 
7  
2  2 0.405655 
5  
2  1 0.969735 
7  
5  
7  
3  
4  0.965237 
1  2 
6  
2  2 0.932401 
2  1 0.264000 
5  
7  
3  
5  
1  1 
3  
5  
1  3 
6  
6  
