7  
2  1 0.710264 
5  
6  
2  2 0.778842 
4  0.372024 
3  
6  
2  2 0.860365 
4  0.603709 
1  3 
3  
2  1 0.740835 
5  
1  1 
3  
2  1 0.336710 
4  0.851368 
1  2 
3  
7  
7  
1  3 
5  
3  
4  0.098690 
6  
4  0.747231 
3  
6  
3  
4  0.449109 
1  1 
1  1 
3  
3  
5  
4  0.999510 
4  0.174062 
2  1 0.505508 
4  0.126262 
5  
3  
4  0.721739 
1  2 
4  0.097803 
5  
5  
1  1 
7  
3  
6  
4  0.959392 
6  
3  
7  
3  
1  2 
3  
3  
7  
6  
4  0.067538 
1  3 
7  
3  
5  
6  
6  
2  2 0.476192 
4  0.957770 
7  
5  
4  0.356417 
7  
4  0.733552 
