7  
6  
7  
5  
5  
5  
1  2 
6  
4  0.101781 
1  1 
3  
1  3 
6  
3  
6  
3  
1  2 
3  
5  
5  
5  
1  3 
4  0.456117 
5  
5  
2  1 0.491829 
7  
3  
2  1 0.467348 
6  
1  3 
2  1 0.311127 
4  0.445407 
7  
1  2 
4  0.968358 
7  
5  
5  
4  0.665126 
7  
7  
1  1 
4  0.178132 
5  
3  
7  
5  
6  
5  
3  
4  0.455230 
2  2 0.463492 
3  
7  
5  
2  1 0.585532 
5  
7  
1  2 
5  
7  
6  
7  
6  
7  
4  0.261430 
6  
5  
1  3 
4  0.310607 
3  
2  2 0.327040 
7  
4  0.657415 
3  
3  
7  
2  1 0.808923 
2  1 0.064814 
6  
2  1 0.630210 
2  1 0.659281 
7  
7  
3  
2  1 0.138044 
7  
5  
5  
