4  0.295642 
6  
1  3 
5  
2  2 0.780648 
5  
6  
5  
5  
3  
1  1 
7  
4  0.753626 
5  
2  2 0.882153 
6  
2  2 0.246068 
4  0.089418 
7  
2  1 0.264459 
2  2 0.089173 
7  
7  
3  
3  
4  0.441153 
1  2 
1  2 
4  0.523135 
5  
5  
5  
4  0.221372 
2  1 0.922333 
7  
3  
3  
2  1 0.662005 
5  
1  1 
6  
4  0.563682 
3  
5  
7  
3  
1  2 
7  
1  3 
1  1 
4  0.870678 
1  3 
6  
4  0.888579 
6  
3  
2  1 0.601444 
7  
4  0.454710 
2  1 0.843289 
6  
7  
6  
3  
2  2 0.369851 
5  
3  
4  0.910337 
2  2 0.316390 
3  
4  0.956087 
