2  2 0.518942 
5  
1  1 
2  2 0.856999 
6  
5  
3  
2  2 0.465726 
6  
1  2 
4  0.629628 
2  1 0.463492 
6  
7  
1  3 
6  
3  
6  
7  
1  3 
6  
4  0.113318 
7  
1  2 
3  
2  2 0.920466 
3  
7  
6  
1  2 
2  1 0.012853 
1  1 
1  3 
1  2 
6  
4  0.629782 
3  
2  2 0.431514 
7  
4  0.740559 
2  1 0.949752 
5  
1  3 
1  2 
6  
5  
3  
6  
1  2 
7  
2  2 0.301548 
6  
1  2 
1  2 
4  0.914071 
6  
3  
5  
7  
7  
6  
2  1 0.997980 
3  
7  
5  
6  
3  
7  
7  
7  
6  
4  0.148265 
7  
1  3 
4  0.914958 
1  3 
5  
