6  
3  
3  
5  
7  
1  1 
3  
5  
6  
4  0.325326 
1  1 
4  0.322572 
6  
3  
1  2 
5  
2  1 0.061295 
2  1 0.667942 
3  
7  
3  
7  
6  
6  
1  2 
4  0.607167 
1  3 
3  
6  
6  
3  
7  
4  0.878634 
7  
6  
5  
2  2 0.043118 
1  2 
5  
5  
2  1 0.141624 
3  
2  2 0.978854 
6  
2  1 0.082104 
5  
6  
4  0.281872 
3  
5  
5  
2  1 0.328845 
7  
2  2 0.790012 
1  2 
5  
2  2 0.825234 
1  2 
2  1 0.430412 
7  
7  
1  2 
2  2 0.373003 
7  
3  
4  0.849165 
1  3 
7  
3  
2  2 0.881327 
5  
5  
6  
2  2 0.186517 
3  
3  
7  
3  
5  
6  
7  
3  
3  
4  0.941428 
1  3 
3  
5  
4  0.924873 
3  
4  0.339066 
2  2 0.154814 
