7  
6  
6  
2  1 0.485709 
7  
7  
2  2 0.234439 
5  
5  
3  
4  0.311463 
3  
1  3 
7  
3  
7  
1  1 
2  2 0.589938 
2  2 0.024940 
2  1 0.839586 
4  0.129261 
4  0.493115 
5  
5  
6  
3  
1  1 
5  
2  1 0.887600 
7  
7  
2  1 0.773885 
3  
5  
1  3 
5  
5  
7  
2  2 0.656405 
1  3 
4  0.596824 
4  0.126293 
1  2 
2  1 0.663290 
7  
2  1 0.099516 
5  
4  0.651570 
2  2 0.992809 
2  2 0.614695 
1  3 
6  
5  
5  
2  2 0.735541 
2  2 0.285024 
1  3 
7  
7  
1  2 
7  
5  
1  3 
5  
5  
5  
2  2 0.278781 
1  3 
3  
5  
4  0.255768 
7  
5  
1  3 
2  2 0.883928 
6  
4  0.434574 
4  0.387202 
2  2 0.100985 
7  
1  1 
6  
4  0.718343 
