5  
3  
7  
6  
4  0.088255 
1  3 
1  3 
7  
7  
4  0.619836 
1  2 
1  3 
7  
1  2 
4  0.408440 
7  
3  
4  0.826244 
5  
3  
4  0.264979 
4  0.323918 
2  2 0.916152 
4  0.019187 
2  1 0.171339 
1  2 
3  
5  
3  
7  
5  
2  1 0.216476 
1  1 
2  1 0.720454 
1  2 
4  0.457311 
1  1 
2  2 0.556674 
2  2 0.352623 
5  
3  
7  
4  0.737163 
7  
2  1 0.131220 
7  
1  3 
6  
3  
7  
6  
6  
4  0.480354 
7  
4  0.938307 
7  
1  2 
7  
3  
3  
6  
5  
3  
4  0.019065 
4  0.209193 
2  1 0.951252 
3  
2  1 0.586144 
3  
4  0.951129 
3  
3  
4  0.234684 
5  
2  2 0.302956 
7  
3  
3  
4  0.490054 
5  
3  
5  
4  0.237958 
1  2 
3  
3  
5  
4  0.731287 
3  
3  
3  
4  0.700685 
4  0.537059 
1  3 
