1  2 
2  2 0.747169 
2  2 0.124028 
5  
2  2 0.261797 
2  1 0.375237 
2  2 0.687741 
1  2 
1  1 
3  
4  0.962299 
6  
3  
7  
5  
2  1 0.964533 
2  2 0.098109 
2  1 0.682386 
2  2 0.831385 
7  
2  1 0.671155 
6  
2  1 0.544984 
2  2 0.027205 
2  1 0.540486 
5  
6  
6  
6  
5  
5  
4  0.335027 
3  
2  1 0.340596 
4  0.698727 
7  
5  
4  0.524726 
7  
2  1 0.013648 
2  1 0.172012 
3  
5  
4  0.426556 
2  1 0.165524 
3  
4  0.148448 
1  1 
5  
6  
6  
1  1 
7  
2  1 0.923190 
3  
7  
1  1 
4  0.241661 
4  0.506947 
2  2 0.294449 
6  
3  
5  
5  
2  2 0.302497 
4  0.870004 
1  1 
4  0.179081 
3  
4  0.959269 
1  3 
6  
4  0.115766 
2  1 0.829886 
2  1 0.824224 
1  3 
5  
2  2 0.631985 
