1  2 
6  
6  
1  3 
4  0.338179 
5  
1  2 
6  
4  0.775017 
2  1 0.178499 
7  
4  0.509548 
2  1 0.806873 
1  1 
7  
6  
2  1 0.249342 
4  0.042444 
4  0.111818 
2  2 0.758553 
7  
1  1 
7  
7  
3  
6  
3  
2  2 0.258217 
7  
1  1 
2  1 0.743589 
2  2 0.280770 
1  3 
5  
4  0.848859 
6  
3  
3  
2  1 0.019983 
1  2 
3  
6  
4  0.615460 
6  
5  
1  2 
5  
6  
4  0.730889 
1  3 
4  0.402932 
7  
1  3 
7  
1  2 
2  1 0.149275 
3  
7  
3  
7  
1  2 
3  
7  
5  
6  
4  0.412479 
7  
2  1 0.797142 
4  0.769264 
3  
6  
5  
7  
2  1 0.027082 
6  
6  
3  
4  0.633392 
6  
7  
5  
4  0.361619 
5  
4  0.508140 
6  
7  
