3  
4  0.071944 
1  2 
1  1 
6  
7  
7  
1  3 
5  
2  2 0.174215 
1  3 
5  
6  
1  2 
1  1 
1  3 
1  1 
4  0.037456 
6  
2  2 0.623172 
4  0.336832 
6  
6  
3  
7  
3  
1  2 
1  1 
4  0.946049 
1  1 
5  
2  1 0.751545 
3  
5  
7  
2  2 0.122345 
3  
5  
7  
3  
3  
2  1 0.076167 
5  
2  1 0.778934 
4  0.343136 
3  
6  
2  1 0.787074 
7  
2  1 0.734684 
7  
6  
2  2 0.460463 
6  
7  
6  
7  
5  
1  3 
4  0.921537 
6  
6  
2  2 0.070414 
2  1 0.949477 
2  2 0.968358 
7  
2  2 0.173175 
1  3 
6  
1  3 
2  2 0.305833 
7  
2  2 0.466767 
7  
7  
1  2 
5  
4  0.137401 
4  0.877869 
7  
7  
3  
1  2 
4  0.925332 
5  
4  0.039048 
7  
2  1 0.431177 
7  
6  
4  0.143369 
4  0.204113 
2  1 0.866363 
7  
