1  1 
5  
1  3 
6  
3  
3  
4  0.998868 
5  
6  
5  
7  
6  
5  
5  
6  
2  2 0.161118 
2  1 0.331813 
6  
7  
3  
2  2 0.412816 
6  
5  
3  
4  0.280097 
3  
2  2 0.061938 
1  2 
2  2 0.535651 
1  3 
3  
2  1 0.800783 
2  1 0.200318 
5  
2  2 0.315350 
7  
5  
6  
4  0.612369 
5  
6  
6  
2  2 0.455230 
5  
7  
3  
2  1 0.060561 
1  2 
3  
4  0.468297 
2  1 0.703684 
4  0.724494 
7  
6  
6  
5  
4  0.684773 
7  
5  
6  
6  
7  
1  1 
7  
2  1 0.474142 
6  
6  
7  
6  
4  0.539966 
4  0.640951 
3  
1  2 
6  
6  
1  1 
6  
1  1 
