6  
6  
1  1 
6  
5  
7  
4  0.677704 
2  2 0.847114 
2  2 0.998378 
5  
6  
7  
1  2 
5  
6  
1  2 
6  
5  
7  
5  
7  
5  
1  1 
1  1 
2  2 0.417529 
7  
1  3 
1  2 
6  
1  1 
3  
1  1 
7  
5  
7  
1  3 
7  
3  
1  2 
6  
7  
5  
4  0.152090 
7  
6  
2  1 0.041924 
7  
2  1 0.362629 
2  1 0.342524 
6  
6  
3  
2  2 0.744109 
1  2 
5  
2  2 0.300447 
2  2 0.112889 
6  
7  
1  1 
1  2 
6  
4  0.355897 
7  
7  
1  3 
3  
7  
1  3 
6  
3  
4  0.196891 
1  1 
2  2 0.097986 
3  
1  2 
1  2 
7  
4  0.579411 
2  2 0.649856 
1  3 
5  
7  
4  0.119408 
2  2 0.721770 
2  1 0.716568 
5  
3  
2  2 0.031305 
6  
