5  
2  1 0.484148 
6  
5  
2  2 0.202338 
2  2 0.424169 
6  
1  3 
1  2 
4  0.703531 
7  
2  1 0.484271 
6  
1  1 
4  0.618092 
7  
2  2 0.720118 
5  
4  0.324561 
2  2 0.844207 
3  
1  1 
3  
1  2 
7  
4  0.319940 
4  0.992074 
1  1 
7  
1  1 
3  
2  1 0.800324 
2  2 0.697258 
4  0.306720 
6  
3  
1  1 
5  
3  
2  2 0.161883 
2  1 0.884877 
4  0.409236 
6  
1  3 
4  0.007559 
2  1 0.600863 
7  
7  
4  0.815503 
1  3 
4  0.399933 
5  
2  2 0.550003 
3  
6  
1  1 
6  
3  
3  
1  1 
3  
3  
4  0.409511 
1  1 
2  2 0.794388 
4  0.801487 
7  
5  
6  
7  
4  0.888641 
7  
1  1 
4  0.863639 
1  2 
4  0.785942 
3  
2  1 0.777159 
1  1 
5  
2  2 0.878542 
7  
3  
