4  0.652886 
4  0.699584 
3  
3  
4  0.205062 
2  2 0.830528 
4  0.849409 
4  0.473224 
2  1 0.777037 
6  
4  0.419304 
6  
2  1 0.261338 
5  
2  2 0.664729 
7  
1  2 
2  1 0.149520 
1  2 
1  3 
2  1 0.277343 
1  1 
4  0.923343 
4  0.492900 
5  
4  0.486015 
2  2 0.391823 
3  
1  2 
6  
3  
2  2 0.795183 
3  
3  
2  2 0.156038 
6  
5  
2  2 0.216966 
2  2 0.642604 
5  
6  
2  1 0.872850 
3  
4  0.743834 
2  2 0.833068 
7  
1  1 
1  3 
4  0.094222 
1  2 
7  
2  2 0.862629 
2  1 0.091101 
5  
6  
5  
2  2 0.197381 
5  
2  1 0.435614 
4  0.187833 
7  
6  
4  0.089051 
5  
4  0.322572 
6  
5  
7  
6  
4  0.643216 
7  
2  1 0.599486 
3  
