7  
3  
4  0.404309 
5  
6  
1  1 
2  2 0.852286 
5  
7  
6  
3  
1  1 
4  0.887570 
4  0.480201 
5  
3  
6  
1  2 
1  3 
6  
4  0.121580 
1  1 
5  
3  
3  
5  
5  
7  
4  0.886743 
5  
2  1 0.627517 
3  
2  2 0.447029 
6  
5  
6  
4  0.282361 
1  2 
7  
3  
4  0.748393 
3  
2  1 0.715741 
7  
3  
5  
7  
2  2 0.438827 
3  
2  1 0.250138 
7  
5  
3  
3  
1  3 
6  
5  
1  1 
5  
2  1 0.679693 
1  1 
3  
1  2 
6  
7  
3  
1  1 
2  2 0.066803 
1  2 
4  0.865383 
6  
2  1 0.220332 
6  
3  
6  
1  2 
6  
3  
