6  
1  2 
4  0.637003 
6  
2  1 0.846563 
6  
5  
7  
6  
3  
7  
4  0.165983 
4  0.213110 
3  
1  3 
5  
7  
1  2 
6  
4  0.378236 
6  
3  
6  
1  1 
2  2 0.302344 
7  
4  0.524879 
1  3 
1  1 
4  0.326183 
1  1 
2  1 0.962911 
5  
2  1 0.146153 
6  
4  0.119775 
3  
4  0.356968 
7  
7  
7  
5  
4  0.131954 
7  
1  1 
7  
3  
6  
6  
3  
3  
7  
6  
6  
2  2 0.849654 
5  
1  1 
1  2 
7  
1  1 
3  
7  
6  
3  
6  
1  2 
6  
4  0.800018 
7  
1  3 
6  
4  0.647806 
7  
5  
1  3 
2  1 0.880898 
1  3 
2  1 0.501530 
7  
2  1 0.565181 
1  2 
5  
1  3 
7  
3  
1  2 
4  0.466063 
2  1 0.148418 
7  
4  0.625956 
5  
5  
4  0.596977 
3  
6  
4  0.416182 
3  
