3  
7  
4  0.815717 
1  1 
7  
5  
6  
7  
1  3 
2  1 0.741936 
5  
1  2 
1  1 
3  
3  
7  
6  
7  
2  2 0.079411 
4  0.657782 
1  3 
4  0.214395 
2  1 0.519310 
4  0.619897 
3  
5  
2  2 0.151203 
5  
1  1 
5  
6  
3  
2  2 0.162892 
4  0.005386 
2  1 0.513465 
7  
2  2 0.949109 
5  
2  1 0.873401 
2  2 0.382582 
4  0.136085 
6  
7  
2  2 0.336496 
2  2 0.039507 
6  
4  0.812106 
7  
7  
6  
4  0.759716 
2  1 0.330987 
2  1 0.447977 
4  0.954893 
4  0.667452 
5  
3  
6  
1  1 
1  3 
7  
2  2 0.553124 
