4  0.989259 
3  
6  
3  
3  
6  
2  1 0.627486 
2  2 0.725626 
5  
3  
4  0.663964 
3  
1  2 
4  0.778658 
5  
6  
4  0.477783 
1  1 
1  3 
1  3 
2  2 0.622713 
5  
1  3 
5  
3  
1  2 
6  
1  3 
4  0.495257 
4  0.733460 
4  0.142359 
7  
6  
7  
1  2 
7  
4  0.040792 
4  0.473744 
7  
5  
3  
5  
3  
6  
7  
4  0.428423 
1  2 
3  
1  2 
5  
6  
6  
2  1 0.020656 
2  2 0.107075 
7  
4  0.610533 
5  
3  
7  
2  1 0.912510 
6  
2  1 0.607565 
6  
1  2 
7  
5  
1  2 
6  
2  2 0.124916 
2  2 0.568333 
4  0.576841 
2  1 0.402748 
7  
5  
5  
2  2 0.612583 
2  1 0.052941 
3  
5  
4  0.089969 
3  
6  
2  2 0.870065 
1  1 
5  
5  
4  0.846655 
7  
7  
1  2 
2  2 0.837720 
1  1 
6  
4  0.651356 
1  2 
3  
4  0.232236 
2  2 0.585379 
1  3 
