5  
1  1 
2  2 0.749158 
7  
5  
3  
4  0.790103 
7  
6  
7  
6  
5  
4  0.456423 
5  
6  
2  1 0.653039 
7  
3  
2  2 0.369698 
2  1 0.665585 
6  
2  2 0.302650 
3  
7  
5  
1  3 
1  3 
5  
1  2 
2  1 0.579962 
2  2 0.610258 
2  2 0.545719 
5  
6  
4  0.703899 
2  2 0.989687 
7  
2  1 0.414009 
3  
1  2 
2  1 0.973315 
3  
7  
5  
4  0.060805 
7  
5  
1  1 
6  
2  2 0.529316 
4  0.973560 
5  
2  2 0.543454 
3  
1  3 
3  
3  
2  2 0.780250 
2  2 0.099700 
3  
3  
3  
7  
7  
2  2 0.739550 
5  
5  
5  
1  3 
2  1 0.840780 
3  
1  3 
4  0.489045 
2  1 0.300967 
5  
5  
3  
1  2 
5  
