3  
2  2 0.328845 
2  2 0.472703 
4  0.708734 
7  
6  
1  3 
2  1 0.986933 
1  3 
5  
6  
3  
2  1 0.766295 
6  
5  
5  
4  0.483506 
3  
5  
2  1 0.391609 
7  
7  
6  
5  
4  0.541618 
4  0.802283 
7  
6  
7  
1  2 
6  
2  1 0.537028 
1  3 
3  
6  
2  2 0.001683 
2  2 0.939898 
1  2 
3  
6  
6  
1  3 
3  
6  
4  0.707785 
4  0.539905 
3  
4  0.642206 
3  
1  2 
2  1 0.942530 
4  0.167758 
7  
6  
1  2 
3  
7  
3  
4  0.826275 
5  
4  0.778230 
5  
5  
6  
4  0.231869 
1  2 
3  
4  0.058602 
4  0.244140 
1  1 
1  3 
5  
2  2 0.726085 
2  2 0.610380 
2  1 0.440878 
6  
3  
4  0.533692 
1  1 
2  1 0.254391 
5  
6  
2  1 0.068792 
1  2 
4  0.239641 
4  0.971877 
3  
4  0.462697 
4  0.541006 
4  0.261613 
