6  
4  0.537242 
5  
5  
3  
1  3 
3  
7  
3  
4  0.312534 
2  2 0.387202 
4  0.618214 
1  3 
6  
6  
5  
4  0.425057 
1  1 
5  
1  3 
7  
2  1 0.885213 
5  
1  2 
6  
7  
3  
6  
2  2 0.527694 
4  0.880623 
3  
3  
1  2 
3  
2  2 0.215282 
4  0.376614 
5  
2  1 0.377012 
3  
1  1 
5  
3  
3  
7  
1  1 
3  
2  1 0.273273 
3  
6  
5  
3  
4  0.262409 
6  
4  0.998531 
6  
6  
1  2 
4  0.736887 
1  1 
5  
5  
6  
4  0.230736 
1  1 
5  
7  
3  
3  
4  0.935767 
5  
5  
4  0.133852 
2  2 0.259991 
7  
6  
1  3 
7  
6  
2  2 0.090152 
5  
1  2 
7  
5  
6  
5  
3  
2  1 0.807271 
6  
