7  
6  
5  
2  1 0.660047 
1  2 
6  
3  
6  
6  
5  
5  
5  
2  2 0.602760 
3  
3  
2  2 0.703134 
1  2 
3  
5  
2  2 0.052910 
4  0.965481 
6  
4  0.310698 
4  0.238264 
4  0.740223 
2  1 0.748087 
7  
1  1 
6  
5  
3  
3  
1  3 
2  1 0.049085 
1  2 
7  
7  
4  0.574637 
6  
1  3 
1  2 
2  2 0.533907 
2  1 0.176388 
1  2 
5  
5  
2  1 0.801059 
5  
3  
1  1 
5  
3  
5  
1  3 
3  
7  
5  
7  
4  0.426066 
2  2 0.144991 
6  
5  
3  
3  
7  
2  1 0.066253 
6  
5  
6  
7  
7  
5  
3  
3  
5  
2  2 0.850848 
3  
7  
1  3 
4  0.934237 
3  
7  
1  1 
5  
5  
6  
7  
1  3 
2  1 0.153069 
5  
6  
1  1 
1  3 
6  
