1  1 
5  
2  1 0.059061 
4  0.332915 
7  
6  
5  
1  2 
2  1 0.566314 
2  1 0.857121 
7  
3  
2  1 0.384938 
3  
3  
4  0.413673 
6  
5  
5  
7  
3  
1  3 
6  
4  0.383071 
3  
2  1 0.181468 
1  3 
7  
7  
7  
5  
4  0.409021 
1  1 
7  
3  
6  
5  
1  1 
6  
3  
4  0.144501 
4  0.462238 
7  
2  2 0.558847 
4  0.044617 
3  
2  2 0.521176 
7  
7  
7  
4  0.887294 
3  
7  
3  
1  2 
2  1 0.208060 
5  
2  1 0.285605 
3  
7  
2  1 0.113318 
7  
2  1 0.815564 
2  2 0.095232 
4  0.575770 
2  1 0.228227 
4  0.402595 
2  1 0.390905 
6  
