7  
2  2 0.554777 
2  2 0.926770 
5  
4  0.330161 
4  0.919395 
6  
5  
5  
7  
2  2 0.907155 
1  2 
3  
1  2 
6  
3  
4  0.734470 
4  0.548075 
5  
6  
7  
7  
7  
7  
4  0.181315 
5  
5  
7  
7  
5  
6  
2  1 0.226605 
6  
4  0.934482 
2  1 0.966736 
1  3 
4  0.441704 
6  
3  
6  
6  
7  
3  
6  
4  0.312137 
3  
6  
7  
1  2 
5  
1  3 
1  2 
2  2 0.790838 
2  2 0.602668 
3  
5  
3  
4  0.317920 
6  
3  
5  
2  1 0.827162 
4  0.057378 
1  3 
3  
6  
6  
3  
1  2 
5  
1  3 
4  0.146765 
2  1 0.157782 
7  
3  
1  1 
4  0.799192 
2  1 0.861803 
4  0.111696 
5  
