1  1 
5  
6  
5  
2  2 0.472489 
1  3 
2  2 0.964257 
3  
3  
6  
7  
2  1 0.411133 
7  
7  
3  
1  3 
4  0.863303 
4  0.860457 
4  0.209254 
5  
5  
7  
1  2 
1  3 
1  1 
1  3 
2  2 0.820766 
1  3 
6  
7  
1  3 
3  
6  
3  
7  
5  
5  
2  2 0.675286 
5  
7  
7  
2  2 0.233215 
7  
4  0.822296 
4  0.434696 
2  1 0.154140 
4  1.000275 
4  0.096395 
1  1 
2  1 0.108697 
3  
5  
1  1 
4  0.660230 
4  0.559704 
2  1 0.945284 
4  0.292980 
6  
7  
4  0.927046 
3  
4  0.112094 
7  
4  0.094284 
1  3 
5  
3  
4  0.852745 
3  
1  1 
7  
3  
5  
