1  1 
7  
2  1 0.950762 
2  2 0.329304 
5  
7  
3  
2  2 0.352776 
4  0.294816 
2  1 0.603403 
1  3 
4  0.692056 
4  0.144195 
2  2 0.157904 
3  
7  
7  
1  1 
6  
6  
3  
3  
2  1 0.216445 
2  2 0.070782 
7  
2  2 0.101934 
6  
5  
3  
6  
4  0.116806 
3  
4  0.959942 
4  0.855591 
3  
4  0.242916 
1  3 
2  1 0.142114 
4  0.876553 
7  
4  0.175439 
4  0.321899 
5  
6  
7  
5  
6  
3  
7  
7  
1  3 
5  
2  1 0.734653 
2  1 0.730216 
2  2 0.061876 
5  
4  0.271161 
4  0.310882 
6  
7  
5  
4  0.473897 
7  
4  0.226146 
4  0.104382 
3  
7  
7  
4  0.953792 
1  2 
2  1 0.211702 
7  
