5  
4  0.624120 
3  
6  
6  
6  
7  
1  2 
1  3 
7  
4  0.075953 
4  0.418600 
2  2 0.031336 
1  1 
6  
6  
7  
3  
3  
1  1 
3  
6  
4  0.600282 
1  3 
3  
2  1 0.613410 
7  
2  1 0.953945 
6  
1  1 
6  
3  
1  1 
5  
1  1 
6  
7  
1  3 
6  
4  0.416825 
2  1 0.668982 
7  
2  1 0.881174 
4  0.389192 
6  
4  0.172777 
7  
4  0.338882 
7  
6  
6  
6  
7  
2  2 0.926709 
3  
2  1 0.354612 
1  3 
5  
3  
6  
2  2 0.738938 
4  0.843014 
5  
1  2 
4  0.383377 
1  1 
3  
7  
4  0.532285 
2  1 0.719291 
5  
4  0.419640 
7  
2  2 0.331630 
1  3 
3  
5  
