1  3 
3  
4  0.280495 
5  
1  3 
7  
4  0.370769 
5  
7  
7  
4  0.720179 
4  0.666809 
6  
4  0.373432 
5  
4  0.406757 
3  
7  
6  
5  
4  0.198696 
2  2 0.237805 
3  
2  1 0.726146 
6  
5  
6  
1  1 
6  
4  0.124732 
1  3 
2  1 0.204266 
5  
4  0.224616 
6  
3  
2  1 0.636177 
7  
2  1 0.615307 
5  
5  
7  
5  
4  0.628098 
7  
3  
2  1 0.651784 
6  
7  
1  1 
6  
2  1 0.810851 
2  2 0.440113 
3  
2  1 0.741447 
5  
5  
4  0.125099 
6  
6  
2  1 0.073750 
4  0.730920 
4  0.779454 
3  
1  3 
5  
3  
7  
5  
5  
6  
1  2 
7  
7  
1  1 
5  
6  
4  0.232052 
6  
