4  0.732450 
6  
6  
3  
3  
7  
4  0.248577 
6  
3  
3  
5  
2  1 0.575433 
4  0.233980 
3  
6  
7  
1  2 
6  
7  
7  
4  0.297264 
4  0.568976 
1  1 
6  
2  2 0.845003 
5  
2  1 0.823214 
3  
1  2 
7  
4  0.219811 
5  
3  
5  
5  
5  
6  
7  
3  
3  
2  2 0.949630 
5  
3  
7  
5  
7  
6  
2  2 0.110655 
7  
7  
5  
2  1 0.136850 
3  
3  
4  0.194198 
4  0.853969 
7  
3  
6  
4  0.141196 
6  
2  2 0.117755 
1  3 
6  
2  1 0.467134 
2  2 0.158180 
1  2 
3  
4  0.276210 
4  0.548198 
1  1 
2  1 0.281107 
7  
1  1 
3  
3  
3  
6  
6  
6  
2  1 0.323826 
2  1 0.006947 
6  
7  
6  
1  2 
1  1 
1  1 
1  3 
5  
