4  0.455199 
1  1 
6  
4  0.454404 
1  3 
7  
1  3 
6  
7  
1  2 
1  3 
1  1 
7  
7  
3  
3  
5  
5  
3  
5  
3  
7  
1  3 
3  
7  
4  0.183610 
1  3 
4  0.740253 
4  0.861895 
7  
6  
4  0.197534 
6  
6  
2  1 0.996144 
2  2 0.643919 
4  0.364435 
5  
5  
1  1 
3  
3  
5  
1  1 
1  3 
7  
7  
1  2 
3  
1  2 
2  2 0.547371 
6  
4  0.023563 
1  2 
3  
1  2 
1  1 
2  2 0.292796 
5  
5  
1  1 
5  
4  0.733521 
4  0.009731 
5  
4  0.283157 
6  
3  
2  2 0.511231 
3  
2  1 0.691474 
2  1 0.667881 
3  
6  
7  
7  
2  1 0.357305 
3  
1  3 
7  
3  
7  
1  3 
2  1 0.638809 
3  
5  
7  
1  3 
