3  
7  
4  0.525093 
5  
7  
4  0.356172 
7  
5  
3  
6  
3  
6  
7  
3  
1  2 
7  
2  1 0.221036 
4  0.517290 
1  2 
1  3 
5  
1  2 
5  
7  
4  0.477018 
5  
7  
5  
4  0.879552 
3  
1  3 
5  
3  
2  2 0.475580 
1  2 
4  0.588500 
5  
7  
7  
4  0.894486 
5  
4  0.764031 
7  
1  1 
2  2 0.399198 
6  
3  
5  
2  1 0.397699 
3  
6  
4  0.135443 
5  
7  
2  2 0.399106 
1  2 
3  
1  2 
3  
1  2 
5  
6  
3  
6  
1  2 
3  
6  
6  
4  0.599088 
6  
1  3 
3  
7  
1  3 
3  
6  
6  
2  1 0.549972 
6  
7  
4  0.195361 
1  2 
1  3 
4  0.883285 
7  
4  0.003305 
3  
7  
4  0.210447 
6  
3  
3  
