6  
3  
7  
7  
6  
6  
3  
1  3 
2  2 0.705612 
4  0.956209 
1  1 
6  
1  2 
2  1 0.722933 
7  
1  2 
2  2 0.528949 
5  
5  
2  1 0.216109 
5  
2  1 0.437267 
3  
1  1 
5  
4  0.714946 
4  0.583022 
2  2 0.522523 
3  
1  1 
1  1 
5  
1  2 
4  0.315013 
1  3 
5  
7  
1  2 
5  
1  3 
2  2 0.245731 
3  
1  1 
5  
7  
6  
3  
5  
4  0.304976 
1  3 
1  3 
4  0.024022 
6  
2  2 0.129628 
3  
6  
1  1 
1  1 
7  
3  
2  1 0.089999 
1  3 
2  2 0.885825 
4  0.662189 
7  
4  0.452445 
6  
3  
6  
4  0.628894 
6  
7  
1  2 
6  
6  
5  
7  
7  
4  0.853235 
5  
4  0.959912 
2  1 0.643001 
6  
7  
5  
