6  
2  2 0.678775 
7  
1  2 
6  
4  0.355469 
5  
6  
1  2 
5  
3  
1  1 
5  
2  2 0.157048 
2  2 0.063009 
3  
2  1 0.578248 
2  2 0.434176 
7  
5  
6  
1  2 
6  
5  
5  
2  2 0.291389 
2  1 0.226727 
5  
6  
6  
1  2 
7  
3  
3  
7  
3  
3  
2  2 0.381602 
1  2 
7  
2  2 0.878971 
3  
5  
5  
5  
6  
3  
5  
2  2 0.442928 
6  
3  
6  
5  
7  
2  2 0.388916 
6  
6  
6  
1  3 
7  
4  0.190801 
1  1 
7  
1  3 
3  
5  
7  
6  
3  
6  
1  1 
3  
6  
4  0.819359 
5  
4  0.562886 
1  1 
6  
5  
7  
7  
