1  1 
1  3 
3  
4  0.019432 
1  1 
5  
4  0.519738 
1  2 
6  
4  0.601047 
5  
5  
2  1 0.610747 
7  
3  
5  
5  
3  
6  
6  
7  
5  
4  0.897332 
3  
7  
4  0.326917 
5  
6  
2  2 0.466399 
1  2 
5  
2  1 0.367770 
3  
3  
6  
5  
1  3 
1  1 
4  0.512883 
4  0.445070 
7  
7  
4  0.751239 
2  2 0.773120 
3  
5  
6  
3  
7  
1  3 
5  
3  
4  0.959422 
5  
3  
2  2 0.262654 
5  
6  
6  
3  
6  
5  
1  1 
3  
5  
6  
2  1 0.630730 
4  0.716966 
7  
3  
4  0.182386 
7  
3  
3  
4  0.983812 
4  0.279974 
7  
7  
2  2 0.804241 
7  
4  0.149550 
5  
2  2 0.290409 
