4  0.485587 
2  2 0.913214 
2  1 0.278842 
7  
6  
7  
2  2 0.929341 
7  
2  1 0.890569 
5  
1  3 
7  
2  1 0.292184 
5  
1  1 
2  2 0.555481 
6  
3  
6  
7  
6  
1  3 
2  2 0.355285 
1  3 
1  2 
7  
3  
2  1 0.307026 
2  1 0.127395 
4  0.281902 
4  0.410888 
3  
4  0.763052 
3  
1  2 
6  
5  
4  0.724188 
1  2 
6  
5  
4  0.639146 
3  
7  
7  
3  
1  2 
1  3 
2  1 0.289859 
6  
1  2 
7  
5  
2  2 0.290165 
5  
6  
1  2 
1  3 
2  2 0.531489 
5  
1  1 
7  
5  
1  1 
3  
2  1 0.230002 
5  
7  
1  1 
6  
2  2 0.810760 
6  
1  1 
