 5
 7
 1 4
 4 3.42
 3
 5
 4 0.95
 7
 2 2 3.73
 3
 4 1.07
 4 0.05
 7
 7
 2 4 1.54
 3
 5
 5
 5
 3
 1 5
 4 0.26
 2 2 0.01
 1 4
 1 4
 2 1 1.30
 3
 7
 1 3
 5
 3
 4 2.05
 3
 4 1.01
 3
 2 6 0.33
 5
 1 4
 3
 3
 1 5
 4 0.00
 3
 3
 2 4 0.64
 7
 4 1.10
 2 6 0.45
 2 3 3.39
 1 2
 4 0.98
 5
 2 3 2.91
 4 0.36
 1 1
 5
 2 1 2.97
 4 3.85
 5
 5
 4 2.58
 2 3 1.19
 1 2
 4 0.96
 5
 1 2
 1 4
 5
 1 1
 1 3
 1 3
 5
 5
 7
 5
 3
 4 3.64
 5
 2 1 3.08
 5
 3
 4 0.45
 5
 1 4
 4 2.49
 1 1
 4 0.10
 4 1.64
 7
 2 5 3.23
 2 3 2.29
 4 2.13
