 4 3.28
 5
 7
 2 6 2.97
 2 6 1.41
 5
 5
 5
 4 3.06
 2 6 1.04
 1 6
 2 3 1.64
 3
 1 5
 4 1.74
 7
 1 6
 2 5 2.00
 3
 5
 2 6 1.47
 5
 4 2.57
 2 6 2.01
 2 4 3.05
 4 2.23
 2 3 0.61
 1 4
 4 2.29
 2 4 3.03
 4 1.90
 2 1 1.24
 5
 5
 2 3 2.37
 3
 2 5 2.95
 4 2.93
 3
 5
 5
 1 1
 7
 5
 4 0.06
 5
 1 1
 7
 4 2.59
 3
 7
 2 3 2.95
 1 5
 7
 2 2 1.38
 2 5 1.18
 3
 4 2.25
 7
 7
 4 0.31
 5
 7
 4 0.65
 3
 2 1 0.51
 7
 5
 4 3.35
 2 5 0.42
 7
 3
 1 2
 5
 3
 4 1.03
 7
 3
 4 0.15
 5
 4 0.16
 2 1 1.07
 5
 3
 3
 1 5
 7
 1 3
