 5
 1 5
 5
 2 3 0.18
 4 0.42
 7
 3
 1 2
 5
 7
 4 0.88
 3
 5
 2 1 2.28
 4 2.19
 1 4
 1 1
 5
 7
 1 4
 3
 5
 2 1 3.50
 4 0.54
 5
 4 3.20
 4 1.96
 4 1.10
 1 2
 3
 5
 2 4 1.78
 5
 2 3 0.08
 5
 2 1 3.23
 5
 2 2 1.87
 7
 5
 4 3.24
 5
 2 5 1.23
 5
 7
 1 4
 1 4
 4 1.65
 2 3 1.12
 1 3
 5
 1 2
 5
 4 3.69
 1 1
 7
 4 3.61
 2 1 3.69
 1 1
 2 6 0.98
 1 3
 7
 3
 4 2.76
 5
 7
 4 1.52
 1 5
 5
 1 2
 4 2.24
 3
 2 3 3.84
 4 2.53
 4 3.58
 2 4 1.27
 5
 3
 3
 1 2
 4 1.08
 7
 2 1 2.35
 5
 7
 4 3.38
 1 6
 7
 3
 2 1 0.53
 1 1
 5
 4 0.11
 2 4 1.48
 5
 5
 1 4
 1 2
 2 2 3.92
 3
 1 5
 3
 7
 5
 1 2
 7
 4 0.82
 3
