 7
 5
 1 3
 3
 5
 1 6
 2 1 0.94
 5
 5
 2 2 3.16
 3
 1 6
 3
 4 2.43
 1 3
 3
 1 6
 4 1.49
 3
 7
 7
 3
 2 2 2.82
 1 6
 5
 4 0.44
 1 3
 4 1.62
 1 4
 7
 5
 7
 7
 1 5
 5
 1 6
 3
 4 2.52
 2 4 1.72
 1 1
 3
 7
 2 6 0.99
 2 3 3.60
 4 0.57
 2 2 1.67
 3
 4 2.85
 1 6
 1 1
 2 2 2.60
 7
 3
 7
 3
 7
 3
 7
 4 1.15
 7
 4 1.90
 2 5 3.44
 1 4
 5
 4 2.51
 1 4
 1 5
 4 1.35
 5
 4 0.14
 1 4
 4 2.56
 2 6 3.51
 7
 3
 7
 7
 7
 7
 1 6
 1 1
 7
 7
 2 2 1.99
 7
 3
 3
 4 0.31
 5
 7
 3
 4 1.46
 7
 5
 7
 3
 4 0.85
 5
 1 2
 1 5
 4 2.28
 7
 4 0.41
 3
 2 2 1.76
 2 4 0.79
 5
 5
 1 3
 2 1 1.49
 4 0.36
 5
 2 2 0.45
 7
 1 2
 5
 5
 5
 1 4
 4 1.45
