 3
 3
 3
 5
 1 6
 1 4
 4 3.20
 3
 7
 3
 1 1
 1 1
 4 2.60
 7
 3
 1 3
 4 1.66
 7
 4 3.19
 2 4 0.66
 4 1.31
 1 4
 5
 1 5
 2 4 0.16
 2 5 0.81
 1 5
 2 2 0.74
 5
 7
 2 4 0.44
 1 1
 4 1.05
 3
 2 5 3.67
 3
 3
 2 6 2.62
 5
 7
 5
 4 2.34
 4 3.46
 4 0.97
 4 2.33
 2 1 3.65
 1 1
 2 2 0.33
 3
 1 3
 3
 1 2
 4 2.15
 5
 4 0.97
 2 2 0.94
 3
 5
 5
 4 3.67
 1 6
 4 2.80
 5
 5
 2 1 1.24
 1 2
 3
 5
 4 2.81
 1 4
 5
 3
 1 4
 3
 7
 1 4
 5
 7
 3
 2 6 0.11
 1 2
 1 6
 2 2 3.81
 3
 5
 1 5
 7
 2 4 3.59
 5
 4 1.75
 1 4
 3
 1 5
 4 1.53
 7
 1 4
 1 3
 7
 4 3.44
 2 1 0.69
 4 3.85
 1 3
 7
 4 0.62
 4 1.73
 3
 2 1 3.38
 5
 2 6 2.24
 5
