 1 4
 5
 4 2.77
 1 1
 4 0.43
 5
 4 1.03
 4 2.98
 5
 3
 2 5 1.34
 5
 1 1
 2 1 2.48
 5
 2 6 1.81
 5
 4 0.34
 1 1
 7
 3
 2 6 1.43
 5
 4 2.72
 7
 1 2
 5
 2 4 0.22
 4 3.60
 1 4
 4 3.93
 4 0.48
 1 1
 3
 3
 1 6
 3
 5
 2 4 3.09
 3
 7
 3
 7
 2 2 3.60
 1 4
 5
 4 2.75
 7
 5
 4 2.74
 2 2 0.79
 5
 1 6
 2 1 1.22
 4 2.41
 3
 4 2.13
 1 2
 1 6
 2 3 1.18
 2 5 3.98
 4 1.89
 5
 7
 7
 2 4 2.62
 5
 5
 1 2
 1 3
 3
 1 4
 7
 4 3.55
 2 4 1.25
 4 1.63
 5
 3
 4 1.85
 5
 4 3.21
 2 4 2.96
 3
 4 1.19
 5
 4 1.00
 5
 4 2.71
 5
 2 3 1.66
 4 1.95
 4 2.24
 2 2 2.05
 2 5 3.54
 7
 3
 7
