 1 4
 2 4 0.07
 4 3.64
 7
 5
 7
 1 5
 7
 3
 3
 2 1 2.27
 3
 7
 5
 1 3
 5
 2 3 0.62
 2 3 2.57
 2 3 3.91
 5
 4 3.27
 5
 5
 3
 5
 3
 2 6 2.70
 4 2.38
 3
 2 3 1.87
 7
 2 6 3.79
 7
 1 4
 3
 5
 2 4 1.31
 4 2.07
 3
 5
 2 2 3.37
 3
 2 5 2.92
 1 5
 7
 5
 4 0.97
 2 4 2.94
 5
 1 5
 3
 1 6
 2 3 0.81
 7
 1 5
 1 4
 3
 5
 3
 3
 4 3.55
 4 1.07
 4 3.12
 5
 2 1 3.63
 3
 2 4 1.96
 2 4 3.80
 7
 2 5 0.14
 3
 1 2
 7
 7
 3
 5
 3
 1 2
 3
 2 3 0.00
 2 6 2.21
 2 5 0.49
 1 4
 7
 1 2
 5
 5
 2 1 3.35
 1 4
 1 2
 5
 7
 3
 5
 3
 1 2
 7
 5
 2 4 3.22
 3
 5
 5
 7
 7
 1 3
