 5
 3
 1 2
 5
 3
 7
 2 1 1.55
 7
 4 3.31
 1 5
 2 2 2.75
 2 1 1.61
 4 0.18
 3
 1 1
 5
 2 2 1.57
 2 5 1.66
 1 4
 2 4 1.07
 1 1
 4 0.16
 5
 4 3.87
 4 2.36
 4 0.24
 5
 2 6 3.71
 1 6
 7
 7
 1 5
 1 2
 3
 3
 7
 5
 4 0.40
 1 4
 2 6 1.59
 2 3 2.38
 1 6
 3
 7
 1 2
 3
 5
 7
 7
 7
 4 2.73
 5
 5
 3
 2 1 3.28
 7
 5
 5
 3
 2 2 3.36
 1 3
 2 4 0.36
 4 3.94
 4 3.76
 4 1.17
 3
 4 2.08
 1 4
 2 3 2.15
 1 3
 4 3.46
 3
 4 2.21
 5
 7
 1 6
 7
 1 2
 7
 2 5 1.71
 3
 2 5 1.65
 3
 2 4 1.08
 4 1.12
 2 3 0.05
 4 2.01
 1 6
 2 5 3.71
 2 2 2.51
 3
