 7
 1 6
 2 2 1.09
 2 4 3.98
 4 3.04
 4 3.39
 5
 1 4
 5
 4 1.77
 7
 1 6
 5
 1 6
 1 6
 2 2 2.08
 1 1
 2 2 1.72
 7
 1 6
 1 1
 1 5
 3
 4 3.88
 1 2
 7
 4 1.38
 4 3.41
 1 3
 5
 1 5
 2 4 0.57
 1 6
 5
 4 2.84
 5
 1 5
 5
 3
 7
 2 4 1.08
 1 5
 3
 7
 1 1
 3
 7
 1 5
 2 3 0.73
 4 2.50
 5
 5
 1 6
 4 3.29
 5
 1 3
 4 2.46
 5
 4 0.52
 7
 5
 2 6 1.66
 2 4 1.86
 3
 5
 4 2.15
 4 1.13
 5
 2 1 0.66
 2 3 1.70
 5
 1 2
 2 4 2.90
 1 5
 3
 3
 4 2.31
 5
 2 5 2.66
 7
 1 3
 3
 4 3.21
 1 2
 2 2 3.84
 3
 1 6
 3
 3
 2 6 3.03
 3
 3
 5
 2 4 2.15
 5
 2 5 3.20
 4 0.78
 2 2 1.55
 4 0.02
 3
 3
 3
 5
 5
 3
 5
 5
 5
 5
 2 2 1.82
 5
 2 3 2.15
 2 2 1.56
 1 3
 1 3
 4 3.49
