   84    4
183  924  13  194  
907  735  402  343  
973  796  525  125  
575  438  695  667  
337  82  926  824  
1154  721  160  1372  
919  967  757  593  
80  259  1160  1191  
1183  1174  1386  693  
41  1318  1036  544  
716  1091  669  821  
1059  1364  91  927  
48  547  353  732  
798  44  236  319  
1011  994  443  1091  
783  205  885  569  
909  403  792  950  
1251  1358  97  100  
582  296  921  1171  
263  1012  700  1239  
1089  1054  104  490  
628  340  809  241  
864  1252  863  250  
988  1278  819  499  
1211  1141  52  1064  
631  1077  694  1213  
1373  218  987  1166  
760  289  538  452  
873  642  942  103  
982  1281  1273  449  
1136  268  229  726  
148  578  755  889  
321  337  85  952  
16  780  298  920  
998  1285  218  1288  
1104  756  342  110  
0  1284  213  513  
1168  1016  492  436  
1284  251  692  962  
829  49  1381  1150  
387  69  234  1331  
849  532  383  1377  
1347  602  1267  1054  
888  212  1164  889  
1026  907  932  326  
56  954  292  870  
1205  514  435  636  
564  1346  1316  481  
17  1080  1342  396  
215  328  375  1092  
460  1173  278  1348  
915  972  369  543  
482  1301  400  68  
387  692  938  1122  
737  903  1288  831  
852  1206  1312  869  
889  786  796  634  
644  701  328  1104  
476  137  1055  1391  
1109  26  67  1121  
858  467  1189  1245  
689  730  970  28  
235  390  389  1087  
199  1231  89  618  
620  415  782  1264  
1116  640  971  195  
777  628  188  489  
654  255  212  1042  
252  4  890  472  
734  1390  30  499  
382  420  1117  111  
253  736  259  873  
1151  1041  270  869  
1212  1241  1064  591  
1  783  1080  185  
568  823  1228  821  
827  250  823  1091  
1170  853  1120  1082  
803  839  724  1057  
177  983  62  1328  
157  1260  330  1369  
633  1394  92  634  
309  703  350  878  
128  1108  1229  485  
14 6 
73 175 220 353 143 52 234 121 111 161 354 15 117 59 349 260 254 178 36 222 102 244 324 173 349 71 285 242 315 165 
0 307 252 133 355 135 198 267 149 349 193 335 16 388 214 59 197 159 170 141 68 326 20 184 141 79 392 318 352 37 52 185 132 236 69 56 330 366 290 392 288 152 222 222 33 263 3 
0 384 140 158 108 350 306 
2 2
2 1 1 1 

2 3
2 3 44
2 3 44
2 3
1 1 1
1 1 1
3 3
3 3 3
3 3 3
3 3 3
3 3
1 1 1
1 1 1 
1 1 
1
3 3
1 2 1
1 2 1
1 2 1
3 3 
2 2 1
2 2 1
2  2 1
3 4 
1002 1001 1
1001 11991
19991
1991
1991
200
2002
2992
2292827 2727 

#457467rytrtyurturuy

3 2
22 0 1 0 1 0 1 0
4 4
2 1 0 0 00 0 0 0 
0
0
0
0
0
0
0
0
 2 3    
2 3 2 1 1 1
2 3
2 3 44 1 100 100
2 3
2 1 1 1 11 11
2 3
1 11 1 11 11 1
2 3
1 1 1 1  1
1
2 3
2 3 44
2 3 44
2 3
1 1 1
1 1 1
44 44

