# Rn 
17 19 
340 1199 2241 1534 1599 1214 606 2154 1482 2268 3113 2077 1054 1876 3552 3315 558 3260 3512 1304 3217 1291 3465 3773 2931 2720 3111 1447 3363 911 3379 1668 2531 118 2583 1478 2022 1162 2739 1745 451 2373 1003 1103 1487 3600 1878 1951 373 3272 1797 598 206 262 3207 539 547 889 1458 1701 1315 2865 1643 3769 2342 2844 86 1091 2621 1619 615 3379 3607 216 1286 2386 1015 801 1399 923 2715 105 1152 3328 2382 3415 547 1310 3766 2538 702 2828 3636 1898 3257 2480 1652 1062 116 3735 3543 3789 998 319 1506 259 1186 2402 1090 1801 1283 992 1871 1809 411 1970 451 1829 2933 1421 1207 218 1742 2397 1591 1939 2281 2739 2395 1232 2718 599 2890 1791 2639 750 2243 952 52 3138 2457 2439 2263 113 1770 203 210 2273 3508 410 2615 1349 1986 1894 497 2449 1494 3766 670 1232 3144 2971 3174 3073 1286 1927 859 1409 117 2160 1444 1162 3153 3514 1545 1477 70 1647 1863 3455 1508 1030 9 2044 118 425 1741 1259 987 3141 2240 1299 66 1221 2674 2905 347 390 912 3778 2292 516 2107 1659 780 750 951 1953 3424 1927 1887 1492 39 1082 1119 1387 436 1174 1410 3630 1245 2854 1797 1442 1135 1023 3147 1469 894 2044 2101 713 706 798 132 1842 462 1615 2 384 338 2514 543 1461 1741 2304 3348 28 1027 1615 3450 1022 2261 1842 2309 1543 454 885 971 2111 325 3511 1106 3446 3301 2249 1958 117 2575 1437 1722 2096 2820 1324 519 1152 1454 71 2701 5 2394 2054 3550 2138 709 3486 494 621 586 2449 2287 765 1902 1843 3192 3595 3208 239 3117 2682 239 640 1463 2942 554 98 3099 511 985 2648 2577 1771 3772 1082 360 2728 1218 2448 2204 231 893 480 3235 
#   
6 4 

0 
0 
0 
0 
0 
0 
0 
0 
0 
0 
0 
0 
0 
0 
0 
0 
0 
0 
0 
0 
2 
0 
0 
0 
2 3
100 1000 1000 
1000 10000 10000 10000 100001 10000

4 2 
1000000 10000000 1000000
 100000 999999 1999999 100000
0000000

-8 1
1010 101010

2 1
10000 1000
