    8    5
53429  40966  64386  48659  69685  
27843  13664  53347  56951  77649  
4873  39776  57903  21168  4099  
17260  31903  54743  51701  33772  
61047  69318  16051  21084  13277  
12303  53280  38653  16485  45196  
5305  63142  79390  62919  29855  
60358  8817  43519  31759  58996  



#dlghldlA
4 4
0 0 0 0  0 0 0 0 
0 0 0 0 0 0 0 0



2 2
-1 1 1 1


2 3
2 3 44
2 3 44
2 3
1 1 1
1 1 1
3 3
3 3 3
3 3 3
3 3 3
3 3
1 1 1
1 1 1 
1 1 
1
3 3
1 2 1
1 2 1
1 2 1
3 3 
2 2 1
2 2 1
2  2 1
3 4 
1002 1001 1
1001 11991
19991
1991
1991
200
2002
2992
2292827 2727 
