#   
20 38 
4 10 220 250 122 16 167 219 244 204 78 134 45 184 20 129 128 83 130 7 106 237 5 242 176 109 140 67 145 248 222 110 78 184 39 237 192 128 138 55 46 67 102 144 153 126 255 235 93 145 131 135 51 179 32 116 147 49 188 169 28 116 125 29 8 9 80 136 150 63 65 114 241 73 130 218 126 11 36 255 198 177 220 20 167 182 45 140 130 146 61 255 20 258 31 34 55 161 8 14 187 123 208 75 41 226 112 93 215 69 103 245 172 206 37 214 187 214 154 257 146 85 76 33 207 40 191 204 63 70 154 145 178 218 182 204 
0 172 128 156 25 170 38 148 81 8 70 12 223 211 102 97 148 8 67 185 67 210 143 
0 168 9 149 42 76 39 91 2 143 22 53 132 206 75 59 210 54 203 159 249 27 46 116 54 39 222 31 244 30 206 247 216 
0 34 82 90 113 152 133 240 214 85 192 61 150 79 159 154 187 55 94 178 48 51 120 180 13 192 116 31 35 169 62 42 163 188 181 224 101 96 118 48 160 179 48 109 183 84 29 32 178 203 50 87 112 20 226 159 83 39 142 108 222 158 235 232 125 148 245 133 253 254 183 235 17 107 125 138 170 3 224 35 209 5 218 190 68 29 123 14 31 4 110 19 62 79 158 15 93 56 133 66 180 122 198 243 56 151 185 203 183 117 211 152 63 228 
1 218 71 153 72 237 13 148 199 136 104 106 217 89 23 80 230 143 177 10 13 253 245 203 54 170 19 105 125 242 252 243 158 159 202 91 38 37 175 87 185 48 240 117 230 136 194 22 87 65 78 150 107 56 201 135 40 198 185 130 162 14 165 42 171 10 76 181 226 105 31 178 245 152 86 163 
1 247 136 167 248 228 186 109 200 238 245 242 178 203 90 38 144 194 54 101 250 88 200 130 110 249 55 185 200 64 132 49 13 68 244 149 248 17 167 90 30 181 101 116 217 186 149 54 27 153 162 67 249 72 133 100 221 185 220 215 2 201 98 242 120 46 201 80 25 82 85 132 167 190 84 109 64 26 241 220 81 49 162 201 80 29 96 38 164 148 3 4 76 116 235 79 204 39 135 25 17 125 6 127 258 207 54 72 253 129 138 129 34 24 156 138 80 188 26 253 199 21 147 209 18 156 208 125 115 70 216 52 253 10 120 213 68 164 96 21 215 
1 40 258 138 187 195 205 250 103 49 28 44 116 126 118 29 35 37 74 85 162 205 241 201 91 90 195 236 235 28 130 52 251 4 110 138 254 105 153 111 62 145 161 77 37 132 
0 9 199 26 67 101 11 13 127 200 177 118 231 10 188 229 120 91 19 243 82 152 21 197 91 215 161 247 93 156 179 86 37 203 54 109 255 20 66 232 61 69 115 57 124 82 208 104 23 251 174 30 53 193 217 169 120 221 
0 140 101 157 105 226 130 183 194 67 133 238 75 194 39 252 27 155 4 96 156 49 93 242 32 76 72 50 8 224 162 243 122 20 10 159 183 158 168 102 60 18 104 103 216 159 130 147 44 114 57 133 133 159 70 97 101 49 141 12 6 217 194 89 32 236 53 172 60 160 93 199 221 56 218 85 108 107 126 111 12 136 4 213 111 131 134 187 243 227 53 229 170 114 56 36 79 141 112 175 14 48 153 79 216 200 168 
0 256 23 175 97 95 143 40 71 158 49 94 162 148 184 126 49 138 190 247 133 63 136 132 10 16 



#dlghldlA
4 4
0 0 0 0  0 0 0 0 
0 0 0 0 0 0 0 0



2 2
-1 1 1 1


2 3
2 3 44
2 3 44
2 3
1 1 1
1 1 1
3 3
3 3 3
3 3 3
3 3 3
3 3
1 1 1
1 1 1 
1 1 
1
3 3
1 2 1
1 2 1
1 2 1
3 3 
2 2 1
2 2 1
2  2 1
3 4 
1002 1001 1
1001 11991
19991
1991
1991
200
2002
2992
2292827 2727 
