# uK(-! 
# 0 
0 17 

3 2
22 0 1 0 1 0 1 0
4 4
2 1 0 0 00 0 0 0 
0
0
0
0
0
0
0
0
 2 3    
2 3 2 1 1 1
2 3
2 3 44 1 100 100
2 3
2 1 1 1 11 11
2 3
1 11 1 11 11 1
2 3
1 1 1 1  1
1
2 3
2 3 44
2 3 44
2 3
1 1 1
1 1 1
44 44

30 10 
67 37 55 51 37 52 21 17 61 58 20 36 45 72 47 18 39 27 4 53 43 63 6 27 37 65 35 36 68 12 25 44 61 20 10 61 68 22 33 14 32 40 24 49 10 48 63 
0 42 34 2 33 22 63 42 39 21 41 59 7 12 36 38 4 54 40 68 52 15 72 59 34 66 32 
1 16 17 49 54 57 19 52 28 30 26 48 70 74 34 17 44 56 62 6 17 22 70 
0 73 66 60 63 4 71 22 27 50 66 11 71 46 52 30 60 45 54 71 50 38 68 27 21 74 55 3 30 13 69 66 
0 68 6 16 41 7 71 67 20 2 55 55 40 53 38 16 46 61 35 14 68 55 53 48 2 42 66 26 27 29 72 22 47 37 60 74 10 47 60 13 60 67 4 37 15 51 55 22 17 64 37 49 38 56 20 30 31 62 42 57 49 4 69 34 11 61 20 40 70 12 45 3 47 68 10 40 49 22 62 12 
1 30 68 4 37 32 41 51 20 45 31 26 8 11 74 25 40 34 18 23 50 38 60 67 28 54 24 13 
1 5 41 51 3 54 65 53 54 36 57 10 14 8 21 12 36 65 66 14 55 53 16 25 7 53 6 64 10 12 63 59 19 7 34 65 5 21 28 5 32 14 41 54 40 74 59 15 4 68 38 54 64 34 18 69 44 19 24 24 39 66 10 
# tU2JO)*fkD0zv+wp5 
2 12 

0 
0 
0 
0 
0 
0 
0 
0 
0 
0 
0 
0 
0 
0 
0 
0 
0 
0 
0 
0 
0 
0 
0 
0 

# 0 
0 17 

3 2
22 0 1 0 1 0 1 0
4 4
2 1 0 0 00 0 0 0 
0
0
0
0
0
0
0
0
 2 3    
2 3 2 1 1 1
2 3
2 3 44 1 100 100
2 3
2 1 1 1 11 11
2 3
1 11 1 11 11 1
2 3
1 1 1 1  1
1
2 3
2 3 44
2 3 44
2 3
1 1 1
1 1 1
44 44



#dlghldlA
4 4
0 0 0 0  0 0 0 0 
0 0 0 0 0 0 0 0



2 2
-1 1 1 1

