12 22 
60 8 20 23 37 50 9 48 2 60 50 
1 4 56 76 40 69 19 15 10 54 10 76 
1 54 
0 57 47 19 9 39 46 17 63 41 60 19 58 57 19 39 67 33 58 74 59 51 
1 50 42 30 69 31 37 42 16 75 48 46 14 67 29 56 24 8 8 3 7 46 63 42 40 68 24 74 47 54 75 64 48 32 15 7 73 57 50 70 65 54 35 28 61 3 11 18 47 46 55 71 66 16 60 15 6 56 16 66 23 36 67 74 67 74 69 36 17 48 19 43 34 54 60 73 34 19 54 4 49 20 76 60 55 43 62 67 3 25 10 73 56 17 52 10 51 71 37 45 60 2 21 54 45 2 13 26 46 55 28 7 44 73 57 76 76 34 48 66 42 48 18 21 
0 43 43 20 8 35 15 30 46 44 38 46 2 3 2 15 12 72 26 71 51 14 32 76 9 48 59 71 58 57 67 8 10 28 17 25 10 54 48 12 26 37 2 31 46 4 44 23 22 14 51 33 33 54 20 39 59 17 25 
1 31 71 4 13 38 52 55 14 32 61 55 27 3 71 58 62 22 55 37 65 72 5 33 46 62 58 9 62 62 18 9 55 25 
# tU2JO)*fkD0zv+wp5 
2 12 

1 
0 
0 
0 
0 
0 
0 
0 
0 
0 
0 
0 
0 
0 
0 
0 
0 
0 
0 
0 
0 
0 
0 
0 
#  T'orL,zhDxzTJ       G       
48 21 
840 996 1373 123 5 1567 1212 1048 321 554 20 470 1061 1472 2259 722 929 344 1309 1995 84 892 1711 2947 1650 1062 538 2152 1570 1009 1716 2421 2787 2375 775 2579 1582 491 2486 2010 385 1095 172 733 2581 2603 951 691 271 856 742 1178 1392 811 1626 128 2887 2765 1642 748 349 928 1894 1419 2404 2331 316 2024 1604 2769 1692 459 1714 2570 1294 2021 1574 1624 1094 2338 646 114 212 1964 2639 2679 2421 2066 631 1526 1476 1313 941 457 996 2237 1004 2430 141 1495 2160 707 416 306 203 2226 2633 1755 2596 669 1770 2628 2134 2893 2869 1569 1664 2716 852 394 2749 2457 1215 757 1564 327 2228 2829 2464 1484 1156 85 2511 327 1785 159 2323 650 2348 2152 2061 1657 515 2294 1885 381 2492 2826 1328 2932 1287 2622 2279 1352 563 1604 2494 1757 956 453 1965 2740 1064 2141 131 1941 2486 544 2053 685 2445 2226 2084 256 1484 1258 1851 833 230 2364 1862 1608 2870 1583 2411 684 639 95 213 897 969 708 962 313 722 43 161 1781 2775 1458 2925 1625 1301 2160 1243 515 285 1020 1424 2041 2908 384 725 65 2048 1238 1804 805 2310 1671 1756 2820 1241 229 2637 2498 2567 2077 1167 2850 2922 686 1150 174 2577 796 292 1079 287 1056 1704 1977 2321 91 1697 945 186 90 269 2040 1048 903 1214 1047 2943 724 1934 1563 411 2256 1043 464 1910 435 1961 1853 60 1747 1798 1897 2821 1439 2944 1424 2559 1416 2700 1485 2093 517 1179 1117 1321 916 2780 2943 1044 1183 1531 2344 151 2765 1591 524 1385 2433 1302 2402 2657 213 571 2276 1502 131 366 2746 591 2475 2788 2467 2180 514 775 2801 1841 1513 2317 2340 942 322 2859 675 494 1996 1625 660 1802 300 2493 1420 1603 283 1828 396 292 1109 928 1758 832 305 1553 2270 493 439 328 2309 262 1625 2639 759 1947 2648 692 1472 1934 652 1212 1010 1012 2326 2822 169 1191 2091 1423 2672 1769 153 133 19 1632 851 1921 2060 474 32 168 2797 810 569 2254 1004 163 214 1693 645 587 2304 2680 432 606 410 356 487 2090 1070 128 2036 336 693 1855 594 739 276 912 2802 2465 645 765 94 1218 241 536 904 804 1028 36 2125 1185 178 824 772 617 2783 2824 2608 1318 227 1745 694 799 862 924 949 971 1895 2324 570 266 1120 386 897 964 117 1216 2960 2797 1490 9 557 2596 2114 2383 1877 564 1637 711 640 1684 2143 417 1793 986 233 1095 2513 771 1269 1105 2921 705 
0 1522 1929 1255 1330 512 237 2312 2513 489 1562 1025 541 1444 751 83 2192 2667 2238 1102 1107 1591 398 1154 2350 2229 506 2007 1074 291 1105 2643 2536 180 2180 2050 335 737 1152 1080 1297 606 430 670 1529 980 159 2859 1139 148 1913 1776 837 1934 766 1160 1342 478 1156 2928 328 1624 1784 833 2223 1153 425 938 2553 1929 2437 614 122 2817 2358 779 93 483 86 692 382 2659 1697 1698 1873 534 2753 2549 2631 1087 716 2597 1128 2319 878 1639 1862 299 1221 2591 191 1359 1074 1732 2459 1285 2377 368 339 2149 1465 962 991 656 1880 2420 1613 1537 2300 1315 1895 1632 2101 1791 1122 918 335 2939 2096 711 1825 1929 958 2271 113 2210 363 1427 2838 1213 2081 2284 1502 405 1751 1150 1353 2382 2644 1588 891 505 294 1677 1737 1081 575 436 796 1759 2512 2952 2955 427 344 684 2523 2411 1933 424 2118 2869 1523 582 2447 2302 2676 2093 691 1560 2101 1216 1357 314 2329 1206 
1 913 2022 2588 213 2279 603 574 2793 2494 2474 449 2134 1628 1177 421 1416 673 2056 1788 2917 2892 2708 912 1319 2184 2909 691 1439 2438 1163 913 786 514 2690 56 1578 2204 1305 666 2895 718 2535 2361 2912 592 828 51 694 114 922 641 1727 439 2390 955 1731 146 328 1081 2087 402 2747 758 487 1272 1686 1454 349 1541 858 1668 1842 275 845 231 436 2626 399 1789 1877 100 485 1113 1735 1513 1027 900 771 1055 2730 1533 2392 2745 2053 330 1718 2243 502 1195 2605 2271 1460 665 370 1792 960 878 1231 118 477 337 1486 392 543 806 1624 1893 1028 270 1615 985 485 407 564 973 2474 2091 555 2081 1038 854 257 865 2715 511 2041 897 
1 976 194 1398 2649 1899 2867 1418 1219 1928 2332 2558 1782 406 384 625 1189 48 1000 2786 431 1088 572 2168 1634 1743 2543 448 222 1431 2219 403 2546 1456 2744 1627 2771 509 1398 1415 2880 248 757 816 935 603 2634 1570 2610 1748 918 1190 1611 2615 2946 659 2346 460 2821 196 301 516 2189 967 742 2829 7 470 326 1494 385 1913 2318 1938 2635 324 1946 1245 195 2182 1021 996 815 801 967 1278 1601 1563 2598 2469 295 1981 565 2003 1411 1118 2147 2492 763 272 2188 1169 1673 539 2411 2927 399 2797 2026 1927 90 407 628 1028 551 9 1772 985 2659 206 325 761 2015 636 2556 2341 726 2043 176 2893 2678 961 2264 2937 1593 151 1126 525 2512 971 2411 1060 493 2041 2021 834 476 1853 2601 1706 599 717 225 363 2753 662 346 1245 2588 2055 792 1013 2320 2364 2822 2098 2051 2660 485 2036 322 2681 1735 1566 97 645 32 21 82 1082 770 44 1658 159 724 2364 951 1286 1779 1952 1115 2815 554 944 2515 1966 1986 1574 1495 180 1060 367 1920 489 2177 449 1792 1486 2518 90 1076 169 2158 
