# RxKx 
26 40 
289 122 221 214 232 398 209 129 393 97 85 231 254 4 254 161 62 363 271 164 129 132 86 381 213 284 198 189 62 129 44 61 377 150 87 317 3 269 381 209 245 48 281 34 194 228 33 351 172 82 321 192 3 295 25 359 287 189 144 63 31 390 341 173 231 215 95 22 321 31 129 12 317 214 48 360 228 309 183 302 
1 123 60 209 228 326 341 168 15 224 122 174 315 237 189 9 179 30 381 96 146 362 302 119 233 157 8 386 270 146 154 279 142 382 9 148 397 235 207 329 384 
1 44 379 186 384 33 122 350 188 133 171 77 14 344 27 284 341 258 310 342 89 373 203 85 194 243 152 51 294 226 235 311 346 47 70 96 342 328 180 297 318 77 395 278 397 383 382 131 386 110 370 361 200 99 29 39 309 240 239 75 349 352 329 360 130 277 214 321 181 7 185 4 116 201 157 150 12 172 120 127 314 98 138 213 299 142 52 381 304 386 329 35 219 189 275 132 130 236 42 381 337 390 52 100 189 268 44 379 237 395 256 240 85 287 173 171 283 59 69 265 8 278 28 236 114 341 258 184 96 132 298 327 122 346 49 307 156 4 133 320 44 187 139 267 166 346 75 136 12 125 116 342 152 276 62 199 392 99 330 248 236 129 134 188 24 232 385 185 346 37 352 22 138 338 265 261 37 227 374 235 268 296 296 155 22 193 361 192 277 105 75 178 264 147 170 367 164 183 38 283 41 366 13 104 128 341 307 84 243 8 276 171 379 11 314 39 153 267 275 219 84 15 216 151 179 178 94 327 56 84 259 18 382 367 257 316 107 227 259 330 143 250 344 166 92 310 24 375 358 278 185 390 92 266 184 212 225 188 336 92 111 250 194 273 135 253 160 395 319 113 46 269 161 322 313 260 54 125 128 92 287 309 57 371 162 216 50 139 17 25 222 375 174 185 215 108 365 386 202 271 132 260 238 146 52 153 353 331 268 227 391 5 71 62 110 286 285 294 383 74 226 207 275 46 62 373 211 293 291 353 284 323 13 330 75 316 364 232 43 53 286 205 122 150 374 106 345 130 261 130 219 48 255 103 260 81 253 239 299 323 118 377 197 115 130 242 356 161 4 309 107 379 396 288 198 371 56 167 179 149 352 36 68 327 320 117 42 289 354 164 198 187 235 152 354 36 188 267 75 313 156 4 115 333 373 247 94 83 361 299 94 132 100 63 226 266 353 8 226 6 6 160 312 50 341 20 282 58 223 247 227 250 128 337 291 35 45 292 8 309 64 334 212 293 202 280 269 17 268 112 112 142 240 394 170 275 6 216 225 395 322 281 310 316 203 279 3 80 31 294 334 210 159 107 45 245 211 106 255 236 266 172 346 151 335 362 172 221 100 55 127 237 95 130 118 310 84 163 260 139 52 289 242 228 276 325 200 277 215 357 126 97 279 141 179 347 
1 191 117 274 179 344 175 100 348 213 167 138 211 124 116 382 58 344 373 342 32 292 259 79 119 341 252 68 45 179 392 342 367 365 126 268 57 54 66 340 148 258 240 217 339 261 344 341 194 275 262 212 126 389 136 39 213 265 229 276 3 140 240 378 42 386 310 23 6 39 149 385 254 162 211 365 244 255 280 86 319 243 182 200 283 74 244 71 237 262 222 384 284 202 393 182 67 236 175 179 83 369 151 162 184 357 265 385 62 229 263 128 266 122 89 59 65 92 298 196 234 341 52 190 75 188 223 332 374 9 157 83 90 345 348 306 150 61 67 356 290 214 57 263 374 196 168 38 336 367 273 292 189 340 265 200 181 202 248 297 55 226 225 12 307 314 341 336 26 2 224 117 11 112 397 30 37 385 286 389 351 129 196 302 84 143 135 138 331 199 56 384 389 100 176 99 55 226 175 130 212 227 163 165 105 31 395 208 60 95 182 11 176 83 398 2 82 197 341 21 113 331 249 100 266 104 29 345 6 137 328 142 370 57 220 200 351 369 198 59 287 46 207 276 4 148 22 177 274 29 66 101 264 306 21 48 185 342 319 112 168 48 226 350 385 264 290 102 247 257 58 140 131 186 214 363 12 360 388 393 307 287 382 112 74 247 398 334 302 135 28 114 265 338 311 19 394 304 139 19 274 194 111 262 193 153 241 174 51 152 56 144 13 
0 369 97 83 16 127 241 332 273 378 276 209 298 22 31 56 302 314 62 177 119 354 157 2 109 357 345 246 252 354 160 279 145 324 74 2 23 255 162 97 276 23 136 176 172 326 199 276 309 241 79 380 223 23 82 270 141 248 69 207 46 314 283 290 273 186 359 208 270 234 43 361 47 13 157 298 353 384 382 202 122 298 316 274 134 125 77 379 21 244 
2 2
2 1 1 1 
2 2
1.0 2.0 3 4
